3920, 
3921, 
3920, 
3919, 
3919, 
3915, 
3903, 
3887, 
3877, 
3871, 
3865, 
3856, 
3850, 
3842, 
3831, 
3824, 
3815, 
3807, 
3799, 
3787, 
3777, 
3768, 
3757, 
3748, 
3736, 
3726, 
3716, 
3702, 
3692, 
3681, 
3671, 
3660, 
3648, 
3635, 
3625, 
3612, 
3600, 
3587, 
3574, 
3563, 
3549, 
3536, 
3524, 
3513, 
3500, 
3487, 
3475, 
3461, 
3450, 
3328, 
3314, 
3300, 
3286, 
3274, 
3259, 
3245, 
3234, 
3220, 
3207, 
3194, 
3176, 
3165, 
3149, 
3136, 
3122, 
3111, 
3096, 
3082, 
3067, 
3053, 
3040, 
3028, 
3013, 
3000, 
2985, 
2972, 
2957, 
2943, 
2928, 
2914, 
2899, 
2885, 
2873, 
2858, 
2844, 
2829, 
2815, 
2801, 
2786, 
2773, 
2759, 
2743, 
2730, 
2715, 
2700, 
2686, 
2672, 
2656, 
2645, 
2629, 
2615, 
2601, 
2586, 
2570, 
2558, 
2542, 
2529, 
2514, 
2499, 
2485, 
2469, 
2318, 
2303, 
2290, 
2276, 
2263, 
2250, 
2236, 
2223, 
2209, 
2198, 
2184, 
2170, 
2157, 
2144, 
2131, 
2119, 
2106, 
2093, 
2081, 
2066, 
2052, 
2041, 
2028, 
2016, 
2002, 
1988, 
1978, 
1964, 
1953, 
1941, 
1928, 
1915, 
1904, 
1890, 
1878, 
1867, 
1854, 
1843, 
1831, 
1819, 
1807, 
1797, 

1785, 
1774, 
1763, 
1750, 
1741, 
1731, 
1717, 
1706, 
1697, 
1687, 
1676, 
1667, 
1655, 
1643, 
1634, 
1625, 
1615, 
1604, 
1595, 
1584, 
1573, 
1563, 
1555, 

1544, 
1536, 
1526, 
1517, 
1509, 
1499, 
1491, 
1483, 
1473, 
1464, 
1456, 
1451, 
1441, 
1433, 
1423, 
1416, 
1409, 
1401, 
1393, 
1386, 
1376, 
1371, 
1362, 

1356, 
1347, 
1341, 
1260, 
1252, 
1249, 
1241, 
1237, 
1229, 
1226, 
1220, 
1214, 
1210, 
1207, 
1199, 
1195, 
1191, 
1185, 
1182, 
1175, 
1170, 
1167, 
1162, 
1160, 
1155, 
1152, 
1146, 
1144, 
1140, 
1137, 
1134, 
1129, 
1126, 
1123, 
1121, 
1118, 
1114, 
1111, 
1108, 
1104, 
1102, 
1100, 
1097, 
1096, 
1094, 
1093, 
1090, 
1088, 
1088, 
1084, 
1082, 
1083, 
1079, 
1079, 
1076, 
1077, 
1075, 
1074, 
1073, 
1071, 
1070, 
1071, 
1069, 
1067, 
1068, 
1069, 
1067, 
1067, 
1069, 
1066, 
1067, 
1069, 
1069, 
1069, 
1069, 
1071, 
1071, 
1071, 
1072, 
1073, 
1075, 
1076, 
1076, 
1078, 
1080, 
1080, 
1100, 
1102, 
1106, 
1107, 
1110, 
1113, 
1116, 
1116, 
1120, 
1123, 
1125, 
1128, 
1130, 
1133, 
1138, 
1137, 
1141, 
1144, 
1149, 
1153, 
1156, 
1159, 
1162, 
1165, 
1171, 
1173, 
1175, 
1180, 
1185, 
1187, 
1190, 
1195, 
1201, 
1203, 
1210, 
1211, 
1215, 
1219, 
1225, 
1228, 
1232, 
1238, 
1242, 
1247, 
1250, 
1256, 
1263, 
1268, 
1271, 
1278, 
1281, 
1287, 
1294, 
1298, 
1302, 
1308, 
1312, 
1317, 
1324, 
1328, 
1332, 
1340, 
1344, 
1349, 
1353, 
1358, 
1363, 
1366, 
1374, 
1381, 
1385, 
1389, 
1395, 
1401, 
1404, 
1409, 
1417, 
1421, 
1427, 
1431, 
1438, 
1444, 
1447, 
1454, 
1458, 
1465, 
1468, 
1520, 
1525, 
1529, 
1534, 
1538, 
1541, 
1546, 
1548, 
1553, 
1558, 
1561, 
1568, 
1570, 
1573, 
1577, 
1580, 
1586, 
1588, 
1590, 
1596, 
1596, 
1601, 
1605, 
1607, 
1611, 
1614, 
1617, 
1621, 
1623, 
1628, 
1630, 
1632, 
1636, 
1638, 
1641, 
1643, 
1647, 
1649, 
1652, 
1653, 
1656, 
1658, 
1659, 
1660, 
1662, 
1665, 
1667, 
1668, 
1669, 
1671, 
1673, 
1673, 
1676, 
1677, 
1676, 
1677, 
1680, 
1679, 
1684, 
1683, 
1682, 
1683, 
1683, 
1684, 
1683, 
1683, 
1680, 
1681, 
1682, 
1680, 
1680, 
1678, 
1678, 
1677, 
1673, 
1673, 
1673, 
1670, 
1670, 
1669, 
1666, 
1665, 
1662, 
1661, 
1659, 
1658, 
1657, 
1653, 
1653, 
1651, 
1649, 
1648, 
1645, 
1644, 
1643, 
1640, 
1638, 
1637, 
1635, 
1631, 
1629, 
1626, 
1624, 
1620, 
1619, 
1617, 
1613, 
1611, 
1610, 
1606, 
1604, 
1602, 
1598, 
1597, 
1595, 
1591, 
1588, 
1585, 
1583, 
1583, 
1578, 
1576, 
1573, 
1572, 
1569, 
1567, 
1563, 
1562, 
1560, 
1557, 
1554, 
1551, 
1547, 
1544, 
1542, 
1538, 
1536, 
1535, 
1530, 
1529, 
1525, 
1523, 
1520, 
1517, 
1516, 
1513, 
1511, 
1509, 
1506, 
1504, 
1500, 
1498, 
1497, 
1496, 
1490, 
1490, 
1487, 
1484, 
1482, 
1480, 
1477, 
1476, 
1475, 
1473, 
1470, 
1470, 
1465, 
1463, 
1461, 
1460, 
1458, 
1455, 
1453, 
1452, 
1449, 
1448, 
1434, 
1433, 
1431, 
1429, 
1428, 
1426, 
1425, 
1422, 
1419, 
1420, 
1418, 
1416, 
1415, 
1413, 
1413, 
1410, 
1408, 
1406, 
1405, 
1403, 
1400, 
1399, 
1397, 
1395, 
1395, 
1391, 
1391, 
1388, 
1386, 
1385, 
1381, 
1381, 
1378, 
1376, 
1374, 
1374, 
1370, 
1369, 
1370, 
1367, 
1363, 
1364, 
1363, 
1358, 
1358, 
1358, 
1355, 
1355, 
1351, 
1351, 
1349, 
1347, 
1346, 
1346, 
1344, 
1344, 
1340, 
1338, 
1338, 
1336, 
1336, 
1334, 
1334, 
1333, 
1333, 
1330, 
1329, 
1327, 
1325, 
1324, 
1323, 
1321, 
1317, 
1317, 
1315, 
1306, 
1307, 
1305, 
1303, 
1305, 
1303, 
1303, 
1299, 
1300, 
1297, 
1297, 
1296, 
1295, 
1295, 
1294, 
1294, 
1293, 
1290, 
1291, 
1291, 
1291, 
1289, 
1288, 
1289, 
1288, 
1286, 
1288, 
1288, 
1286, 
1288, 
1287, 
1287, 
1287, 
1288, 
1287, 
1289, 
1289, 
1290, 
1289, 
1290, 
1290, 
1291, 
1289, 
1292, 
1293, 
1294, 
1296, 
1298, 
1300, 
1298, 
1301, 
1301, 
1304, 
1305, 
1316, 
1319, 
1321, 
1322, 
1326, 
1328, 
1329, 
1332, 
1334, 
1334, 
1338, 
1339, 
1342, 
1346, 
1347, 
1351, 
1352, 
1355, 
1358, 
1362, 
1364, 
1365, 
1371, 
1372, 
1373, 
1378, 
1380, 
1383, 
1386, 
1390, 
1391, 
1395, 
1396, 
1400, 
1402, 
1407, 
1409, 
1412, 
1414, 
1417, 
1420, 
1427, 
1428, 
1430, 
1434, 
1435, 
1440, 
1443, 
1445, 
1449, 
1452, 
1454, 

1457, 
1458, 
1462, 
1466, 
1467, 
1471, 
1473, 
1476, 
1479, 
1481, 
1485, 
1486, 
1491, 
1492, 
1495, 
1496, 
1498, 
1503, 
1504, 
1507, 
1508, 
1513, 
1513, 

1517, 
1519, 
1522, 
1541, 
1541, 
1544, 
1545, 
1545, 
1549, 
1549, 
1552, 
1553, 
1554, 
1555, 
1557, 
1561, 
1560, 
1561, 
1562, 
1563, 
1566, 
1564, 
1568, 

1566, 
1567, 
1570, 
1569, 
1571, 
1571, 
1571, 
1571, 
1571, 
1571, 
1571, 
1574, 
1572, 
1571, 
1572, 
1572, 
1572, 
1573, 
1571, 
1571, 
1569, 
1570, 
1569, 
1567, 
1569, 
1566, 
1564, 
1564, 
1563, 
1561, 
1562, 
1561, 
1559, 
1558, 
1558, 
1556, 
1556, 
1555, 
1553, 
1551, 
1549, 
1549, 
1547, 
1546, 
1544, 
1543, 
1543, 
1542, 
1540, 
1539, 
1537, 
1536, 
1535, 
1532, 
1531, 
1528, 
1529, 
1528, 
1525, 
1524, 
1523, 
1520, 
1518, 
1516, 
1516, 
1513, 
1511, 
1510, 
1506, 
1507, 
1504, 
1503, 
1501, 
1499, 
1496, 
1495, 
1495, 
1492, 
1491, 
1490, 
1487, 
1486, 
1484, 
1482, 
1481, 
1479, 
1478, 
1476, 
1475, 
1474, 
1471, 
1470, 
1469, 
1466, 
1465, 
1466, 
1463, 
1461, 
1459, 
1459, 
1458, 
1457, 
1456, 
1454, 
1455, 
1449, 
1451, 
1447, 
1446, 
1447, 
1445, 
1443, 
1444, 
1442, 
1441, 
1440, 
1437, 
1437, 
1437, 
1436, 
1436, 
1434, 
1431, 
1431, 
1430, 
1428, 
1428, 
1427, 
1426, 
1425, 
1424, 
1424, 
1421, 
1420, 
1419, 
1418, 
1418, 
1416, 
1416, 
1414, 
1412, 
1412, 
1410, 
1408, 
1408, 
1406, 
1407, 
1405, 
1404, 
1403, 
1403, 
1403, 
1402, 
1401, 
1401, 
1400, 
1398, 
1401, 
1399, 
1401, 
1398, 
1399, 
1397, 
1399, 
1398, 
1400, 
1401, 
1399, 
1399, 
1402, 
1402, 
1403, 
1404, 
1405, 
1404, 
1407, 
1407, 
1407, 
1410, 
1412, 
1414, 
1417, 
1418, 
1420, 
1423, 
1425, 
1428, 
1431, 
1433, 
1437, 
1440, 
1443, 
1448, 
1453, 
1458, 
1463, 
1466, 
1470, 
1476, 
1481, 
1489, 
1495, 
1500, 
1506, 
1514, 
1518, 
1527, 
1536, 
1544, 
1552, 
1560, 
1569, 
1577, 
1588, 
1594, 
1605, 
1613, 
1625, 
1635, 
1645, 
1658, 
1669, 
1679, 
1694, 
1705, 
1717, 
1729, 
1740, 
1754, 
1767, 
1779, 
1793, 
1805, 
1818, 
1833, 
1846, 
1859, 
1873, 
1888, 
1901, 
1916, 
1932, 
1947, 
1962, 
1977, 
1994, 
2009, 
2024, 
2040, 
2054, 
2071, 
2090, 
2105, 
2121, 
2139, 
2155, 
2174, 
2191, 
2206, 
2227, 
2244, 
2262, 
2281, 
2297, 
2315, 
2333, 
2352, 
2370, 
2390, 
2407, 
2425, 
2443, 
2464, 
2481, 
2502, 
2521, 
2541, 
2560, 
2577, 
2596, 
2615, 
2634, 
2654, 
2676, 
2693, 
2712, 
2733, 
2750, 
2774, 
2791, 
2810, 
2829, 
2849, 
2868, 
2888, 
2908, 
2927, 
2947, 
2966, 
2987, 
3005, 
3026, 
3043, 
3066, 
3083, 
3101, 
3121, 
3140, 
3159, 
3177, 
3196, 
3217, 
3236, 
3255, 
3272, 
3294, 
3311, 
3329, 
3351, 
3368, 
3387, 
3405, 
3422, 
3442, 
3461, 
3477, 
3498, 
3514, 
3531, 
3549, 
3568, 
3587, 
3605, 
3623, 
3638, 
3655, 
3672, 
3690, 
3706, 
3722, 
3738, 
3757, 
3771, 
3788, 
3803, 
3819, 
3835, 
3849, 
3863, 
3879, 
3893, 
3904, 
3913, 
3916, 
3919, 
3921, 
3920, 
3921, 
3921, 
3920, 
3921, 
3921, 
3920, 
3922, 
3921, 
3920, 
3921, 
3921, 
3921, 
3921, 
3920, 
3921, 
3922, 
3920, 
3921, 
3921, 
3921, 
3921, 
3921, 
3921, 
3921, 
3921, 
3921, 
3921, 
3921, 
3921, 
3921, 
3921, 
3921, 
3921, 
3920, 
3921, 
3921, 
3921, 
3921, 
3921, 
3921, 
3921, 
3921, 
3920, 
3921, 
3921, 
3921, 
3921, 
3921, 
3921, 
3921, 
3921, 
3921, 
3921, 
3921, 
3921, 
3921, 
3921, 
3921, 
3921, 
3921, 
3922, 
3921, 
3920, 
3922, 
3921, 
3920, 
3921, 
3922, 
3920, 
3921, 
3921, 
3921, 
3921, 
3921, 
3921, 
3921, 
3920, 
3921, 
3921, 
3920, 
3921, 
3921, 
3921, 
3921, 
3921, 
3921, 
3921, 
3920, 
3921, 
3921, 
3920, 
3921, 
3921, 
3921, 
3922, 
3921, 
3921, 
3921, 
3921, 
3920, 
3921, 
3920, 
3921, 
3921, 
3920, 
3921, 
3921, 
3920, 
3922, 
3921, 
3921, 
3921, 
3920, 
3921, 
3921, 
3921, 
3921, 
3921, 
3920, 
3921, 
3920, 
3921, 
3921, 
3920, 
3921, 
3921, 
3921, 
3920, 
3920, 
3921, 
3920, 
3919, 
3917, 
3886, 
3858, 
3843, 
3826, 
3814, 
3798, 
3780, 
3765, 
3749, 
3733, 
3716, 
3698, 
3683, 
3666, 
3648, 
3632, 
3616, 
3594, 
3578, 
3560, 
3543, 
3525, 
3508, 
3489, 
3471, 
3451, 
3434, 
3415, 
3397, 
3377, 
3359, 
3341, 
3323, 
3304, 
3285, 
3265, 
3244, 
3226, 
3206, 
3188, 

3166, 
3150, 
3129, 
3111, 
3091, 
3072, 
3051, 
3033, 
3013, 
2995, 
2976, 
2958, 
2937, 
2919, 
2900, 
2880, 
2862, 
2843, 
2823, 
2804, 
2785, 
2766, 
2747, 

2727, 
2706, 
2690, 
2670, 
2651, 
2631, 
2613, 
2595, 
2579, 
2561, 
2542, 
2524, 
2505, 
2487, 
2469, 
2450, 
2431, 
2414, 
2395, 
2381, 
2361, 
2347, 
2327, 

2309, 
2291, 
2277, 
2257, 
2241, 
2223, 
2206, 
2190, 
2174, 
2156, 
2140, 
2125, 
2109, 
2094, 
2076, 
2060, 
2045, 
2028, 
2014, 
1997, 
1983, 
1969, 
1953, 
1938, 
1924, 
1909, 
1895, 
1882, 
1867, 
1854, 
1840, 
1826, 
1811, 
1797, 
1784, 
1770, 
1756, 
1744, 
1729, 
1715, 
1704, 
1691, 
1678, 
1665, 
1652, 
1640, 
1628, 
1616, 
1605, 
1592, 
1580, 
1568, 
1555, 
1544, 
1533, 
1522, 
1510, 
1498, 
1487, 
1474, 
1465, 
1455, 
1445, 
1433, 
1422, 
1413, 
1402, 
1391, 
1383, 
1372, 
1363, 
1353, 
1345, 
1334, 
1324, 
1315, 
1305, 
1296, 
1287, 
1278, 
1270, 
1262, 
1253, 
1244, 
1235, 
1229, 
1219, 
1211, 
1202, 
1196, 
1185, 
1180, 
1172, 
1163, 
1156, 
1149, 
1141, 
1133, 
1128, 
1121, 
1113, 
1106, 
1100, 
1093, 
1086, 
1080, 
1075, 
1068, 
1061, 
1057, 
1051, 
1044, 
1038, 
1032, 
1029, 
1022, 
1017, 
1011, 
1007, 
1002, 
997, 
992, 
987, 
982, 
978, 
975, 
973, 
967, 
963, 
959, 
956, 
951, 
948, 
945, 
940, 
937, 
935, 
932, 
930, 
929, 
927, 
925, 
924, 
921, 
920, 
919, 
917, 
916, 
915, 
915, 
915, 
914, 
911, 
911, 
911, 
911, 
912, 
913, 
913, 
913, 
915, 
913, 
915, 
915, 
918, 
919, 
920, 
922, 
924, 
927, 
928, 
929, 
933, 
935, 
938, 
940, 
942, 
945, 
949, 
950, 
954, 
959, 
962, 
964, 
968, 
972, 
975, 
980, 
986, 
987, 
991, 
993, 
999, 
1002, 
1006, 
1013, 
1019, 
1021, 
1026, 
1030, 
1035, 
1042, 
1045, 
1052, 
1056, 
1059, 
1062, 
1068, 
1075, 
1080, 
1084, 
1091, 
1095, 
1147, 
1154, 
1160, 
1164, 
1173, 
1178, 
1184, 
1190, 
1194, 
1200, 
1207, 
1213, 
1220, 
1226, 
1230, 
1237, 
1244, 
1251, 
1256, 
1262, 
1267, 
1273, 
1280, 
1287, 
1294, 
1299, 
1304, 
1311, 
1317, 
1321, 
1328, 
1334, 
1338, 
1344, 
1349, 
1355, 
1361, 
1367, 
1372, 
1376, 
1383, 
1387, 
1394, 
1397, 
1401, 
1406, 
1412, 
1417, 
1421, 
1427, 
1431, 
1435, 
1440, 
1446, 
1449, 
1454, 
1459, 
1463, 
1467, 
1473, 
1475, 
1481, 
1486, 
1490, 
1492, 
1496, 
1501, 
1542, 
1546, 
1547, 
1549, 
1552, 
1552, 
1552, 
1553, 
1554, 
1554, 
1556, 
1558, 
1558, 
1557, 
1558, 
1559, 
1560, 
1559, 
1560, 
1559, 
1559, 
1558, 
1557, 
1559, 
1558, 
1558, 
1557, 
1555, 
1556, 
1554, 
1554, 
1550, 
1550, 
1547, 
1546, 
1543, 
1544, 
1541, 
1538, 
1536, 
1534, 
1530, 
1530, 
1526, 
1525, 
1523, 
1520, 
1518, 
1516, 
1512, 
1511, 
1508, 
1505, 
1504, 
1499, 
1499, 
1495, 
1492, 
1492, 
1488, 
1486, 
1483, 
1481, 
1480, 
1476, 
1473, 
1471, 
1469, 
1463, 
1463, 
1461, 
1457, 
1457, 
1454, 
1452, 
1450, 
1446, 
1446, 
1443, 
1440, 
1439, 
1438, 
1435, 
1434, 
1433, 
1432, 
1432, 
1428, 
1427, 
1426, 
1423, 
1421, 
1421, 
1417, 
1417, 
1414, 
1411, 
1409, 
1410, 
1407, 
1407, 
1402, 
1402, 
1400, 
1400, 
1400, 
1400, 
1398, 
1397, 
1396, 
1396, 
1395, 
1395, 
1394, 
1390, 
1390, 
1390, 
1388, 
1387, 
1387, 
1385, 
1384, 
1383, 
1382, 
1383, 
1382, 
1382, 
1380, 
1381, 
1380, 
1379, 
1380, 
1379, 
1379, 
1379, 
1378, 
1378, 
1377, 
1378, 
1377, 
1376, 
1376, 
1379, 
1379, 
1377, 
1380, 
1379, 
1379, 
1378, 
1380, 
1379, 
1381, 
1382, 
1381, 
1381, 
1383, 
1383, 
1382, 
1385, 
1384, 
1386, 
1388, 
1387, 
1388, 
1390, 
1391, 
1393, 
1393, 
1395, 
1395, 
1398, 
1399, 
1400, 
1402, 
1403, 
1405, 
1406, 
1407, 
1408, 
1409, 
1410, 
1413, 
1413, 
1416, 
1416, 
1416, 
1421, 
1420, 
1421, 
1424, 

1423, 
1424, 
1424, 
1425, 
1429, 
1429, 
1431, 
1436, 
1436, 
1437, 
1440, 
1441, 
1442, 
1444, 
1445, 
1444, 
1445, 
1446, 
1447, 
1448, 
1448, 
1449, 
1451, 

1449, 
1449, 
1450, 
1451, 
1452, 
1451, 
1452, 
1451, 
1450, 
1451, 
1451, 
1449, 
1449, 
1449, 
1449, 
1449, 
1448, 
1447, 
1449, 
1446, 
1448, 
1447, 
1444, 

1445, 
1443, 
1445, 
1443, 
1442, 
1441, 
1440, 
1440, 
1440, 
1439, 
1439, 
1438, 
1438, 
1438, 
1437, 
1437, 
1437, 
1436, 
1438, 
1436, 
1436, 
1434, 
1435, 
1434, 
1435, 
1435, 
1435, 
1436, 
1436, 
1437, 
1437, 
1437, 
1437, 
1438, 
1438, 
1439, 
1440, 
1439, 
1441, 
1441, 
1442, 
1441, 
1440, 
1444, 
1445, 
1447, 
1446, 
1447, 
1445, 
1448, 
1449, 
1451, 
1451, 
1453, 
1454, 
1455, 
1456, 
1455, 
1457, 
1458, 
1459, 
1461, 
1460, 
1464, 
1465, 
1467, 
1468, 
1468, 
1470, 
1471, 
1470, 
1472, 
1475, 
1476, 
1476, 
1477, 
1479, 
1481, 
1482, 
1484, 
1485, 
1487, 
1487, 
1490, 
1491, 
1491, 
1495, 
1497, 
1499, 
1500, 
1502, 
1504, 
1504, 
1508, 
1510, 
1512, 
1512, 
1516, 
1516, 
1520, 
1521, 
1524, 
1525, 
1526, 
1528, 
1531, 
1533, 
1534, 
1537, 
1539, 
1540, 
1542, 
1545, 
1545, 
1547, 
1550, 
1551, 
1551, 
1556, 
1558, 
1556, 
1559, 
1560, 
1564, 
1564, 
1565, 
1566, 
1569, 
1570, 
1573, 
1574, 
1578, 
1579, 
1581, 
1580, 
1581, 
1585, 
1585, 
1588, 
1587, 
1593, 
1593, 
1595, 
1596, 
1597, 
1599, 
1600, 
1602, 
1604, 
1605, 
1608, 
1608, 
1609, 
1610, 
1610, 
1613, 
1614, 
1616, 
1615, 
1619, 
1621, 
1619, 
1621, 
1621, 
1622, 
1626, 
1626, 
1628, 
1626, 
1628, 
1629, 
1632, 
1631, 
1635, 
1635, 
1636, 
1638, 
1641, 
1639, 
1641, 
1643, 
1644, 
1644, 
1647, 
1647, 
1648, 
1650, 
1654, 
1652, 
1654, 
1656, 
1658, 
1659, 
1662, 
1661, 
1663, 
1667, 
1665, 
1669, 
1671, 
1671, 
1675, 
1676, 
1675, 
1676, 
1680, 
1680, 
1683, 
1684, 
1686, 
1687, 
1690, 
1688, 
1690, 
1692, 
1693, 
1694, 
1697, 
1698, 
1699, 
1701, 
1701, 
1703, 
1705, 
1705, 
1706, 
1707, 
1708, 
1710, 
1710, 
1712, 
1711, 
1714, 
1713, 
1714, 
1716, 
1714, 
1716, 
1713, 
1717, 
1716, 
1716, 
1717, 
1718, 
1715, 
1716, 
1716, 
1716, 
1716, 
1717, 
1715, 
1714, 
1713, 
1712, 
1712, 
1713, 
1710, 
1709, 
1708, 
1711, 
1710, 
1707, 
1708, 
1706, 
1705, 
1702, 
1702, 
1700, 
1701, 
1696, 
1697, 
1694, 
1693, 
1692, 
1690, 
1687, 
1687, 
1684, 
1683, 
1681, 
1680, 
1677, 
1675, 
1673, 
1673, 
1671, 
1668, 
1666, 
1663, 
1663, 
1660, 
1657, 
1655, 
1654, 
1653, 
1649, 
1648, 
1641, 
1638, 
1637, 
1634, 
1631, 
1628, 
1624, 
1620, 
1620, 
1617, 
1614, 
1611, 
1606, 
1605, 
1602, 
1599, 
1595, 
1593, 
1589, 
1586, 
1584, 
1581, 
1578, 
1575, 
1572, 
1571, 
1567, 
1564, 
1561, 
1558, 
1553, 
1551, 
1550, 
1546, 
1544, 
1540, 
1536, 
1534, 
1528, 
1526, 
1523, 
1520, 
1517, 
1514, 
1511, 
1507, 
1505, 
1502, 
1498, 
1496, 
1494, 
1490, 
1489, 
1486, 
1484, 
1481, 
1478, 
1476, 
1474, 
1473, 
1472, 
1471, 
1468, 
1468, 
1466, 
1464, 
1464, 
1464, 
1462, 
1461, 
1461, 
1461, 
1461, 
1461, 
1462, 
1462, 
1464, 
1464, 
1465, 
1468, 
1471, 
1472, 
1473, 
1476, 
1479, 
1481, 
1483, 
1489, 
1492, 
1496, 
1500, 
1505, 
1512, 
1516, 
1521, 
1528, 
1533, 
1539, 
1545, 
1551, 
1557, 
1565, 
1573, 
1583, 
1590, 
1599, 
1607, 
1615, 
1625, 
1633, 
1641, 
1653, 
1662, 
1671, 
1680, 
1691, 
1702, 
1714, 
1724, 
1738, 
1749, 
1762, 
1773, 
1787, 
1800, 
1812, 
1827, 
1839, 
1855, 
1868, 
1882, 
1896, 
1912, 
1928, 
1942, 
1958, 
1974, 
1990, 
2007, 
2022, 
2040, 
2057, 
2074, 
2091, 
2109, 
2126, 
2145, 
2164, 
2180, 
2198, 
2217, 
2236, 
2254, 
2275, 
2292, 
2311, 
2330, 
2349, 
2369, 
2388, 
2409, 
2428, 
2447, 
2466, 
2488, 
2508, 
2527, 
2551, 
2570, 
2591, 
2611, 
2630, 
2652, 
2673, 
2693, 
2716, 
2736, 
2759, 
2780, 
2801, 
2822, 
2842, 
2864, 
2886, 
2908, 
2927, 
2951, 
2974, 
2991, 
3014, 
3034, 
3055, 
3077, 
3099, 
3121, 
3142, 
3163, 
3184, 
3203, 
3223, 
3248, 
3266, 
3288, 
3308, 
3328, 
3349, 
3369, 
3387, 
3410, 
3427, 

3447, 
3468, 
3488, 
3507, 
3526, 
3545, 
3565, 
3583, 
3601, 
3620, 
3640, 
3658, 
3675, 
3691, 
3710, 
3727, 
3742, 
3762, 
3779, 
3793, 
3808, 
3824, 
3839, 

3856, 
3869, 
3883, 
3896, 
3906, 
3913, 
3916, 
3919, 
3920, 
3920, 
3921, 
3921, 
3920, 
3921, 
3921, 
3920, 
3921, 
3921, 
3920, 
3921, 
3920, 
3921, 
3921, 

3920, 
3921, 
3921, 
3920, 
3921, 
3921, 
3920, 
3921, 
3921, 
3921, 
3921, 
3921, 
3921, 
3921, 
3920, 
3921, 
3921, 
3920, 
3921, 
3920, 
3921, 
3921, 
3921, 
3921, 
3921, 
3920, 
3921, 
3921, 
3921, 
3921, 
3921, 
3921, 
3921, 
3921, 
3921, 
3921, 
3920, 
3921, 
3921, 
3921, 
3921, 
3920, 
3920, 
3921, 
3920, 
3921, 
3921, 
3920, 
3921, 
3921, 
3920, 
3921, 
3921, 
3921, 
3921, 
3920, 
3921, 
3921, 
3920, 
3921, 
3920, 
3921, 
3921, 
3920, 
3921, 
3922, 
3920, 
3921, 
3920, 
3921, 
3921, 
3920, 
3921, 
3920, 
3921, 
3921, 
3920, 
3921, 
3921, 
3920, 
3921, 
3921, 
3920, 
3921, 
3920, 
3921, 
3921, 
3920, 
3921, 
3921, 
3920, 
3921, 
3920, 
3921, 
3920, 
3918, 
3909, 
3871, 
3857, 
3844, 
3832, 
3817, 
3805, 
3788, 
3776, 
3763, 
3745, 
3734, 
3719, 
3703, 
3690, 
3673, 
3658, 
3643, 
3628, 
3613, 
3594, 
3580, 
3565, 
3548, 
3529, 
3514, 
3498, 
3481, 
3465, 
3448, 
3428, 
3411, 
3396, 
3377, 
3362, 
3344, 
3327, 
3310, 
3294, 
3274, 
3257, 
3241, 
3225, 
3206, 
3189, 
3173, 
3154, 
3138, 
3120, 
3103, 
3085, 
3066, 
3049, 
3032, 
3015, 
2997, 
2980, 
2963, 
2945, 
2926, 
2910, 
2892, 
2877, 
2860, 
2839, 
2825, 
2808, 
2792, 
2775, 
2757, 
2741, 
2722, 
2705, 
2689, 
2673, 
2657, 
2642, 
2623, 
2607, 
2590, 
2576, 
2558, 
2543, 
2524, 
2509, 
2494, 
2476, 
2459, 
2443, 
2427, 
2414, 
2396, 
2384, 
2367, 
2352, 
2337, 
2323, 
2306, 
2290, 
2277, 
2261, 
2244, 
2230, 
2218, 
2205, 
2188, 
2173, 
2161, 
2145, 
2133, 
2118, 
2104, 
2091, 
2078, 
2063, 
2052, 
2040, 
2026, 
2013, 
1999, 
1988, 
1976, 
1963, 
1951, 
1940, 
1927, 
1916, 
1904, 
1894, 
1881, 
1870, 
1860, 
1849, 
1839, 
1828, 
1817, 
1806, 
1797, 
1787, 
1778, 
1768, 
1755, 
1747, 
1736, 
1731, 
1722, 
1710, 
1702, 
1693, 
1686, 
1679, 
1669, 
1661, 
1655, 
1645, 
1639, 
1632, 
1625, 
1617, 
1610, 
1605, 
1597, 
1590, 
1583, 
1578, 
1572, 
1567, 
1561, 
1557, 
1550, 
1542, 
1540, 
1537, 
1529, 
1527, 
1522, 
1516, 
1513, 
1506, 
1504, 
1500, 
1498, 
1493, 
1491, 
1485, 
1483, 
1479, 
1475, 
1472, 
1470, 
1465, 
1465, 
1461, 
1458, 
1454, 
1454, 
1452, 
1450, 
1446, 
1446, 
1443, 
1442, 
1439, 
1438, 
1437, 
1435, 
1433, 
1433, 
1432, 
1430, 
1429, 
1427, 
1427, 
1425, 
1425, 
1426, 
1424, 
1423, 
1424, 
1424, 
1426, 
1426, 
1425, 
1425, 
1425, 
1426, 
1425, 
1426, 
1428, 
1427, 
1428, 
1431, 
1430, 
1430, 
1433, 
1434, 
1435, 
1436, 
1438, 
1437, 
1439, 
1440, 
1442, 
1443, 
1447, 
1447, 
1447, 
1449, 
1450, 
1453, 
1455, 
1458, 
1458, 
1459, 
1462, 
1461, 
1463, 
1466, 
1469, 
1469, 
1470, 
1474, 
1477, 
1476, 
1478, 
1481, 
1484, 
1485, 
1486, 
1490, 
1491, 
1491, 
1492, 
1495, 
1496, 
1499, 
1502, 
1502, 
1505, 
1506, 
1508, 
1512, 
1514, 
1515, 
1517, 
1520, 
1522, 
1525, 
1527, 
1527, 
1531, 
1534, 
1535, 
1537, 
1541, 
1544, 
1546, 
1549, 
1551, 
1552, 
1555, 
1559, 
1560, 
1565, 
1566, 
1572, 
1574, 
1576, 
1582, 
1585, 
1587, 
1589, 
1593, 
1597, 
1602, 
1604, 
1606, 
1610, 
1613, 
1618, 
1621, 
1622, 
1628, 
1630, 
1636, 
1638, 
1639, 
1645, 
1648, 
1651, 
1655, 
1656, 
1661, 
1662, 
1667, 
1668, 
1673, 
1678, 
1679, 
1683, 
1687, 
1690, 
1693, 
1697, 
1701, 
1704, 
1705, 
1708, 
1712, 
1715, 
1717, 
1722, 
1724, 
1728, 
1730, 
1733, 
1738, 
1741, 
1744, 
1747, 
1749, 
1754, 
1757, 
1759, 
1762, 
1764, 
1769, 
1770, 
1772, 
1775, 
1781, 
1782, 
1785, 
1787, 
1789, 
1791, 
1794, 
1798, 
1799, 
1801, 
1802, 
1805, 
1806, 
1809, 
1811, 
1812, 
1812, 
1816, 
1819, 
1820, 
1822, 
1825, 
1826, 
1829, 
1831, 
1831, 
1833, 
1835, 
1836, 
1838, 
1841, 
1842, 
1843, 
1844, 
1845, 
1847, 
1850, 
1848, 
1851, 
1851, 
1851, 
1854, 
1852, 
1854, 
1854, 
1854, 
1853, 
1855, 
1855, 
1855, 
1854, 
1854, 
1854, 
1854, 
1855, 
1853, 
1851, 
1852, 
1850, 
1851, 
1849, 
1849, 
1848, 
1847, 

1844, 
1842, 
1841, 
1840, 
1837, 
1833, 
1833, 
1833, 
1828, 
1827, 
1826, 
1822, 
1820, 
1818, 
1817, 
1814, 
1810, 
1809, 
1808, 
1804, 
1801, 
1799, 
1797, 

1795, 
1793, 
1790, 
1787, 
1784, 
1782, 
1779, 
1777, 
1774, 
1771, 
1768, 
1765, 
1761, 
1759, 
1756, 
1755, 
1752, 
1750, 
1745, 
1744, 
1740, 
1736, 
1734, 

1731, 
1728, 
1724, 
1721, 
1718, 
1714, 
1714, 
1710, 
1706, 
1705, 
1701, 
1698, 
1696, 
1691, 
1688, 
1684, 
1681, 
1677, 
1674, 
1669, 
1666, 
1664, 
1658, 
1655, 
1650, 
1648, 
1644, 
1640, 
1640, 
1636, 
1633, 
1628, 
1625, 
1622, 
1619, 
1614, 
1611, 
1609, 
1605, 
1602, 
1597, 
1594, 
1592, 
1591, 
1586, 
1581, 
1578, 
1575, 
1571, 
1571, 
1564, 
1561, 
1559, 
1555, 
1553, 
1550, 
1546, 
1542, 
1542, 
1537, 
1536, 
1534, 
1529, 
1527, 
1525, 
1522, 
1520, 
1518, 
1514, 
1514, 
1510, 
1507, 
1507, 
1502, 
1500, 
1498, 
1495, 
1491, 
1490, 
1487, 
1484, 
1481, 
1479, 
1476, 
1475, 
1474, 
1473, 
1469, 
1468, 
1464, 
1463, 
1462, 
1459, 
1458, 
1456, 
1454, 
1452, 
1451, 
1446, 
1446, 
1443, 
1443, 
1440, 
1438, 
1438, 
1435, 
1433, 
1432, 
1429, 
1430, 
1427, 
1426, 
1426, 
1424, 
1422, 
1423, 
1419, 
1418, 
1417, 
1416, 
1413, 
1416, 
1414, 
1413, 
1411, 
1411, 
1411, 
1410, 
1409, 
1406, 
1407, 
1405, 
1404, 
1404, 
1403, 
1402, 
1401, 
1399, 
1400, 
1398, 
1399, 
1399, 
1398, 
1399, 
1398, 
1395, 
1397, 
1396, 
1394, 
1394, 
1394, 
1393, 
1393, 
1392, 
1393, 
1391, 
1392, 
1391, 
1391, 
1390, 
1389, 
1393, 
1391, 
1391, 
1390, 
1391, 
1392, 
1392, 
1391, 
1393, 
1393, 
1393, 
1394, 
1394, 
1396, 
1396, 
1398, 
1397, 
1398, 
1397, 
1399, 
1400, 
1402, 
1401, 
1402, 
1401, 
1403, 
1404, 
1406, 
1406, 
1406, 
1408, 
1406, 
1408, 
1411, 
1412, 
1412, 
1413, 
1413, 
1416, 
1416, 
1417, 
1419, 
1422, 
1422, 
1424, 
1424, 
1424, 
1427, 
1428, 
1429, 
1431, 
1430, 
1430, 
1432, 
1433, 
1435, 
1434, 
1434, 
1437, 
1436, 
1438, 
1439, 
1441, 
1440, 
1441, 
1443, 
1443, 
1446, 
1446, 
1446, 
1446, 
1448, 
1446, 
1448, 
1448, 
1451, 
1453, 
1450, 
1454, 
1452, 
1454, 
1454, 
1454, 
1455, 
1456, 
1456, 
1458, 
1459, 
1459, 
1458, 
1458, 
1460, 
1460, 
1461, 
1460, 
1461, 
1461, 
1465, 
1463, 
1465, 
1462, 
1465, 
1466, 
1465, 
1466, 
1466, 
1466, 
1465, 
1464, 
1467, 
1464, 
1465, 
1464, 
1464, 
1464, 
1462, 
1462, 
1461, 
1463, 
1461, 
1461, 
1461, 
1460, 
1460, 
1458, 
1457, 
1457, 
1453, 
1456, 
1452, 
1451, 
1453, 
1452, 
1450, 
1447, 
1447, 
1445, 
1445, 
1444, 
1443, 
1440, 
1438, 
1437, 
1437, 
1435, 
1434, 
1433, 
1432, 
1430, 
1431, 
1429, 
1428, 
1426, 
1427, 
1424, 
1421, 
1421, 
1421, 
1420, 
1418, 
1418, 
1417, 
1417, 
1415, 
1414, 
1414, 
1413, 
1413, 
1413, 
1410, 
1409, 
1409, 
1406, 
1406, 
1405, 
1405, 
1404, 
1403, 
1402, 
1403, 
1401, 
1401, 
1399, 
1400, 
1399, 
1399, 
1399, 
1398, 
1400, 
1398, 
1398, 
1397, 
1397, 
1398, 
1397, 
1396, 
1396, 
1397, 
1397, 
1398, 
1395, 
1398, 
1396, 
1395, 
1396, 
1396, 
1395, 
1395, 
1396, 
1396, 
1400, 
1399, 
1399, 
1399, 
1400, 
1399, 
1401, 
1401, 
1401, 
1402, 
1401, 
1404, 
1403, 
1403, 
1402, 
1403, 
1404, 
1404, 
1404, 
1406, 
1404, 
1406, 
1406, 
1406, 
1407, 
1408, 
1407, 
1409, 
1408, 
1412, 
1411, 
1411, 
1411, 
1412, 
1413, 
1414, 
1413, 
1414, 
1413, 
1414, 
1415, 
1415, 
1415, 
1418, 
1417, 
1418, 
1419, 
1421, 
1422, 
1421, 
1423, 
1423, 
1422, 
1424, 
1425, 
1425, 
1427, 
1428, 
1428, 
1428, 
1429, 
1430, 
1430, 
1430, 
1431, 
1432, 
1435, 
1438, 
1437, 
1438, 
1440, 
1439, 
1439, 
1440, 
1440, 
1440, 
1443, 
1442, 
1443, 
1445, 
1447, 
1447, 
1449, 
1451, 
1448, 
1451, 
1454, 
1453, 
1455, 
1456, 
1456, 
1459, 
1459, 
1460, 
1462, 
1462, 
1464, 
1465, 
1465, 
1464, 
1466, 
1468, 
1468, 
1471, 
1471, 
1470, 
1471, 
1471, 
1472, 
1472, 
1473, 
1472, 
1473, 
1473, 
1474, 
1472, 
1473, 
1472, 
1472, 
1471, 
1473, 
1470, 
1470, 
1470, 
1471, 
1470, 
1470, 
1469, 
1469, 
1467, 
1468, 
1467, 
1467, 
1468, 
1465, 
1465, 

1464, 
1463, 
1463, 
1464, 
1463, 
1462, 
1460, 
1462, 
1459, 
1459, 
1460, 
1456, 
1456, 
1457, 
1455, 
1454, 
1452, 
1453, 
1452, 
1451, 
1450, 
1451, 
1451, 

1450, 
1451, 
1451, 
1448, 
1448, 
1449, 
1449, 
1451, 
1448, 
1449, 
1449, 
1450, 
1452, 
1453, 
1455, 
1454, 
1456, 
1456, 
1458, 
1458, 
1460, 
1464, 
1465, 

1466, 
1470, 
1470, 
1473, 
1476, 
1477, 
1480, 
1484, 
1487, 
1490, 
1494, 
1497, 
1503, 
1508, 
1512, 
1519, 
1522, 
1529, 
1534, 
1539, 
1547, 
1553, 
1561, 
1567, 
1575, 
1582, 
1591, 
1599, 
1607, 
1615, 
1624, 
1634, 
1642, 
1652, 
1662, 
1671, 
1683, 
1695, 
1705, 
1715, 
1726, 
1737, 
1748, 
1759, 
1772, 
1782, 
1794, 
1807, 
1818, 
1830, 
1844, 
1856, 
1870, 
1883, 
1897, 
1908, 
1921, 
1935, 
1949, 
1961, 
1975, 
1992, 
2005, 
2018, 
2033, 
2047, 
2060, 
2076, 
2090, 
2106, 
2120, 
2135, 
2152, 
2167, 
2182, 
2198, 
2213, 
2229, 
2243, 
2258, 
2275, 
2292, 
2307, 
2324, 
2340, 
2358, 
2376, 
2390, 
2407, 
2423, 
2440, 
2455, 
2473, 
2488, 
2504, 
2521, 
2538, 
2553, 
2570, 
2586, 
2603, 
2619, 
2635, 
2649, 
2667, 
2683, 
2697, 
2711, 
2727, 
2744, 
2760, 
2774, 
2791, 
2807, 
2821, 
2838, 
2852, 
2867, 
2882, 
2895, 
2911, 
2926, 
2941, 
2954, 
2968, 
2979, 
2995, 
3009, 
3020, 
3035, 
3049, 
3061, 
3074, 
3088, 
3098, 
3113, 
3125, 
3137, 
3148, 
3161, 
3174, 
3186, 
3196, 
3207, 
3218, 
3229, 
3241, 
3250, 
3262, 
3271, 
3281, 
3292, 
3302, 
3309, 
3319, 
3328, 
3337, 
3344, 
3351, 
3360, 
3367, 
3373, 
3383, 
3390, 
3399, 
3406, 
3411, 
3419, 
3426, 
3431, 
3438, 
3444, 
3450, 
3455, 
3460, 
3467, 
3470, 
3476, 
3480, 
3486, 
3490, 
3493, 
3497, 
3501, 
3504, 
3505, 
3509, 
3510, 
3513, 
3515, 
3521, 
3522, 
3522, 
3524, 
3527, 
3529, 
3529, 
3530, 
3532, 
3530, 
3530, 
3530, 
3531, 
3533, 
3531, 
3530, 
3528, 
3530, 
3527, 
3527, 
3525, 
3525, 
3520, 
3522, 
3520, 
3517, 
3514, 
3511, 
3508, 
3506, 
3503, 
3503, 
3499, 
3494, 
3491, 
3488, 
3485, 
3480, 
3475, 
3470, 
3466, 
3463, 
3458, 
3453, 
3447, 
3445, 
3439, 
3433, 
3428, 
3422, 
3417, 
3411, 
3406, 
3399, 
3396, 
3388, 
3383, 
3376, 
3368, 
3362, 
3355, 
3348, 
3340, 
3334, 
3326, 
3320, 
3313, 
3304, 
3300, 
3292, 
3283, 
3278, 
3270, 
3261, 
3254, 
3245, 
3240, 
3233, 
3222, 
3214, 
3208, 
3198, 
3192, 
3184, 
3176, 
3168, 
3161, 
3152, 
3143, 
3137, 
3128, 
3120, 
3113, 
3103, 
3095, 
3086, 
3080, 
3070, 
3061, 
3055, 
3042, 
3036, 
3028, 
3020, 
3011, 
3003, 
2996, 
2986, 
2978, 
2970, 
2962, 
2954, 
2945, 
2936, 
2929, 
2921, 
2913, 
2904, 
2896, 
2889, 
2882, 
2874, 
2866, 
2858, 
2851, 
2845, 
2835, 
2827, 
2821, 
2813, 
2806, 
2800, 
2789, 
2785, 
2777, 
2770, 
2763, 
2755, 
2750, 
2742, 
2735, 
2729, 
2720, 
2716, 
2711, 
2705, 
2700, 
2694, 
2686, 
2680, 
2674, 
2669, 
2664, 
2657, 
2652, 
2647, 
2642, 
2635, 
2630, 
2624, 
2621, 
2614, 
2611, 
2606, 
2599, 
2595, 
2592, 
2586, 
2581, 
2578, 
2572, 
2570, 
2564, 
2560, 
2556, 
2553, 
2548, 
2545, 
2540, 
2534, 
2533, 
2527, 
2524, 
2521, 
2515, 
2514, 
2510, 
2505, 
2504, 
2501, 
2495, 
2493, 
2489, 
2486, 
2483, 
2480, 
2477, 
2473, 
2469, 
2466, 
2462, 
2461, 
2455, 
2452, 
2450, 
2447, 
2443, 
2441, 
2439, 
2435, 
2432, 
2428, 
2425, 
2423, 
2420, 
2415, 
2413, 
2408, 
2405, 
2405, 
2401, 
2399, 
2394, 
2391, 
2389, 
2387, 
2382, 
2378, 
2375, 
2371, 
2369, 
2365, 
2362, 
2358, 
2353, 
2351, 
2348, 
2342, 
2341, 
2336, 
2333, 
2330, 
2325, 
2323, 
2320, 
2316, 
2312, 
2311, 
2305, 
2301, 
2297, 
2295, 
2291, 
2288, 
2284, 
2281, 
2275, 
2271, 
2270, 
2265, 
2262, 
2257, 
2253, 
2251, 
2247, 
2243, 
2240, 
2234, 
2231, 
2229, 
2225, 
2220, 
2217, 
2212, 
2209, 
2207, 
2203, 
2201, 
2196, 
2191, 
2188, 
2185, 
2181, 
2178, 
2176, 
2172, 
2168, 
2163, 
2160, 
2158, 
2155, 
2151, 
2148, 
2145, 
2141, 
2137, 
2134, 
2131, 
2126, 
2123, 
2120, 
2117, 
2114, 
2112, 
2107, 
2105, 
2100, 
2098, 
2094, 
2090, 
2087, 
2083, 
2081, 
2081, 
2075, 
2071, 
2069, 

2064, 
2062, 
2059, 
2056, 
2053, 
2050, 
2046, 
2043, 
2041, 
2039, 
2037, 
2033, 
2029, 
2026, 
2024, 
2021, 
2017, 
2015, 
2015, 
2012, 
2009, 
2007, 
2004, 

2002, 
2000, 
1999, 
1996, 
1996, 
1993, 
1993, 
1991, 
1990, 
1986, 
1988, 
1984, 
1985, 
1982, 
1980, 
1980, 
1979, 
1977, 
1978, 
1978, 
1975, 
1974, 
1972, 

1972, 
1971, 
1970, 
1970, 
1968, 
1970, 
1969, 
1969, 
1966, 
1965, 
1966, 
1963, 
1963, 
1965, 
1963, 
1961, 
1960, 
1961, 
1962, 
1960, 
1959, 
1956, 
1956, 
1955, 
1953, 
1955, 
1953, 
1952, 
1950, 
1951, 
1947, 
1948, 
1948, 
1945, 
1945, 
1943, 
1941, 
1941, 
1939, 
1940, 
1939, 
1936, 
1934, 
1933, 
1935, 
1931, 
1931, 
1929, 
1927, 
1925, 
1924, 
1922, 
1918, 
1916, 
1913, 
1912, 
1908, 
1908, 
1904, 
1902, 
1897, 
1898, 
1894, 
1893, 
1890, 
1888, 
1884, 
1883, 
1880, 
1876, 
1872, 
1869, 
1866, 
1861, 
1858, 
1855, 
1851, 
1848, 
1844, 
1841, 
1836, 
1832, 
1825, 
1823, 
1816, 
1813, 
1809, 
1804, 
1799, 
1794, 
1789, 
1786, 
1779, 
1775, 
1767, 
1764, 
1757, 
1752, 
1746, 
1741, 
1734, 
1726, 
1722, 
1716, 
1708, 
1702, 
1697, 
1689, 
1682, 
1676, 
1670, 
1661, 
1655, 
1648, 
1641, 
1633, 
1628, 
1620, 
1611, 
1604, 
1594, 
1589, 
1583, 
1573, 
1567, 
1558, 
1550, 
1542, 
1535, 
1529, 
1519, 
1511, 
1501, 
1495, 
1485, 
1477, 
1470, 
1461, 
1452, 
1444, 
1436, 
1428, 
1419, 
1410, 
1401, 
1394, 
1386, 
1379, 
1370, 
1361, 
1352, 
1342, 
1335, 
1329, 
1321, 
1313, 
1307, 
1299, 
1291, 
1283, 
1275, 
1265, 
1260, 
1251, 
1244, 
1236, 
1230, 
1223, 
1217, 
1208, 
1201, 
1195, 
1187, 
1182, 
1174, 
1169, 
1162, 
1155, 
1148, 
1141, 
1135, 
1130, 
1125, 
1118, 
1111, 
1105, 
1098, 
1092, 
1085, 
1081, 
1076, 
1068, 
1063, 
1057, 
1052, 
1045, 
1040, 
1034, 
1030, 
1023, 
1018, 
1014, 
1009, 
1005, 
1001, 
995, 
991, 
987, 
983, 
980, 
976, 
972, 
968, 
965, 
961, 
956, 
955, 
951, 
946, 
944, 
940, 
938, 
936, 
932, 
929, 
927, 
926, 
924, 
922, 
919, 
918, 
916, 
913, 
913, 

912, 
911, 
907, 
907, 
905, 
904, 
903, 
901, 
900, 
900, 
901, 
899, 
901, 
898, 
898, 
896, 
896, 
895, 
896, 
896, 
895, 
896, 
895, 
898, 
898, 
899, 
898, 
900, 
902, 
902, 
903, 
904, 
905, 
906, 
908, 
910, 
910, 
910, 
914, 
914, 
915, 
918, 
920, 
920, 
924, 
924, 
928, 
929, 
930, 
934, 
933, 
935, 
941, 
941, 
943, 
945, 
948, 
951, 
951, 
955, 
957, 
959, 
965, 
967, 
968, 
971, 
974, 
977, 
980, 
983, 
985, 
988, 
993, 
994, 
999, 
1000, 
1004, 
1007, 
1012, 
1014, 
1019, 
1022, 
1024, 
1028, 
1031, 
1034, 
1040, 
1041, 
1044, 
1048, 
1053, 
1057, 
1060, 
1065, 
1068, 
1072, 
1076, 
1079, 
1083, 
1087, 
1091, 
1096, 
1099, 
1103, 
1107, 
1111, 
1117, 
1121, 
1127, 
1130, 
1133, 
1138, 
1141, 
1149, 
1152, 
1158, 
1161, 
1168, 
1171, 
1173, 
1179, 
1183, 
1188, 
1192, 
1197, 
1201, 
1206, 
1212, 
1213, 
1219, 
1223, 
1226, 
1231, 
1234, 
1238, 
1242, 
1248, 
1252, 
1257, 
1259, 
1264, 
1268, 
1271, 
1276, 
1280, 
1285, 
1291, 
1293, 
1296, 
1301, 
1306, 
1310, 
1313, 
1319, 
1323, 
1324, 
1328, 
1332, 
1336, 
1339, 
1343, 
1349, 
1352, 
1356, 
1359, 
1363, 
1367, 
1371, 
1377, 
1379, 
1384, 
1386, 
1391, 
1393, 
1399, 
1403, 
1406, 
1411, 
1414, 
1418, 
1421, 
1424, 
1428, 
1431, 
1436, 
1438, 
1441, 
1444, 
1448, 
1452, 
1455, 
1457, 
1461, 
1462, 
1468, 
1471, 
1473, 
1476, 
1480, 
1485, 
1485, 
1487, 
1491, 
1494, 
1496, 
1499, 
1502, 
1503, 
1508, 
1510, 
1509, 
1514, 
1515, 
1517, 
1520, 
1520, 
1523, 
1521, 
1526, 
1526, 
1527, 
1530, 
1530, 
1531, 
1530, 
1531, 
1533, 
1533, 
1531, 
1535, 
1535, 
1535, 
1535, 
1535, 
1535, 
1534, 
1534, 
1534, 
1535, 
1533, 
1533, 
1531, 
1530, 
1531, 
1528, 
1527, 
1527, 
1525, 
1524, 
1523, 
1524, 
1521, 
1520, 
1516, 
1516, 
1514, 
1513, 
1512, 
1509, 
1508, 
1504, 
1503, 
1501, 
1499, 
1497, 
1494, 
1493, 
1491, 
1489, 
1486, 
1484, 
1480, 
1477, 
1476, 
1473, 
1470, 
1469, 
1465, 
1463, 
1462, 
1457, 
1457, 
1452, 
1449, 
1448, 
1446, 
1442, 
1441, 
1437, 
1435, 
1434, 
1430, 
1428, 
1424, 
1423, 
1420, 
1419, 
1417, 
1412, 
1413, 
1409, 
1407, 
1405, 
1402, 
1400, 
1397, 
1394, 
1394, 
1391, 
1388, 
1387, 
1384, 
1382, 
1381, 
1379, 
1377, 
1374, 
1373, 
1370, 
1369, 
1367, 
1366, 
1363, 
1361, 
1358, 
1356, 
1356, 
1353, 
1352, 
1349, 
1347, 
1346, 

1347, 
1343, 
1344, 
1341, 
1341, 
1340, 
1336, 
1336, 
1337, 
1334, 
1333, 
1332, 
1333, 
1331, 
1330, 
1328, 
1327, 
1325, 
1326, 
1323, 
1325, 
1323, 
1324, 

1322, 
1321, 
1319, 
1318, 
1319, 
1318, 
1316, 
1317, 
1316, 
1315, 
1314, 
1314, 
1314, 
1314, 
1312, 
1314, 
1314, 
1311, 
1309, 
1310, 
1309, 
1309, 
1308, 

1311, 
1310, 
1310, 
1309, 
1307, 
1310, 
1308, 
1311, 
1310, 
1309, 
1309, 
1311, 
1311, 
1312, 
1312, 
1312, 
1313, 
1313, 
1312, 
1314, 
1314, 
1313, 
1315, 
1315, 
1318, 
1317, 
1317, 
1319, 
1320, 
1319, 
1319, 
1320, 
1319, 
1321, 
1322, 
1322, 
1326, 
1326, 
1327, 
1328, 
1328, 
1329, 
1332, 
1333, 
1332, 
1333, 
1335, 
1338, 
1336, 
1339, 
1340, 
1341, 
1343, 
1344, 
1343, 
1348, 
1349, 
1349, 
1351, 
1353, 
1355, 
1356, 
1357, 
1359, 
1360, 
1361, 
1363, 
1363, 
1366, 
1369, 
1370, 
1370, 
1372, 
1375, 
1376, 
1379, 
1380, 
1381, 
1383, 
1385, 
1385, 
1388, 
1387, 
1389, 
1391, 
1391, 
1395, 
1394, 
1395, 
1400, 
1399, 
1401, 
1404, 
1405, 
1407, 
1407, 
1410, 
1412, 
1412, 
1414, 
1414, 
1416, 
1418, 
1419, 
1421, 
1423, 
1426, 
1429, 
1431, 
1434, 
1437, 
1437, 
1440, 
1443, 
1445, 
1447, 
1450, 
1451, 
1455, 
1459, 
1462, 
1465, 
1467, 
1470, 
1473, 
1476, 
1478, 
1485, 
1486, 
1491, 
1495, 
1498, 
1502, 
1506, 
1510, 
1511, 
1516, 
1520, 
1525, 
1528, 
1535, 
1538, 
1543, 
1547, 
1551, 
1557, 
1562, 
1566, 
1571, 
1576, 
1582, 
1588, 
1594, 
1599, 
1607, 
1610, 
1617, 
1625, 
1632, 
1638, 
1645, 
1650, 
1660, 
1668, 
1674, 
1683, 
1692, 
1699, 
1708, 
1716, 
1725, 
1738, 
1745, 
1756, 
1766, 
1777, 
1787, 
1799, 
1810, 
1822, 
1833, 
1846, 
1858, 
1871, 
1884, 
1895, 
1908, 
1921, 
1936, 
1947, 
1960, 
1976, 
1989, 
2004, 
2020, 
2033, 
2047, 
2063, 
2076, 
2092, 
2106, 
2123, 
2138, 
2154, 
2169, 
2185, 
2202, 
2218, 
2234, 
2251, 
2267, 
2284, 
2300, 
2318, 
2335, 
2352, 
2370, 
2387, 
2404, 
2422, 
2440, 
2457, 
2474, 
2493, 
2511, 
2530, 
2549, 
2565, 
2583, 
2602, 
2619, 
2640, 
2658, 
2674, 
2694, 
2713, 
2731, 
2748, 
2768, 
2787, 
2806, 
2825, 
2843, 
2861, 
2881, 
2899, 
2918, 
2937, 
2955, 
2975, 
2995, 
3014, 
3033, 
3051, 
3069, 
3087, 
3107, 
3125, 
3146, 
3163, 
3183, 
3201, 
3221, 
3238, 
3258, 
3276, 
3295, 
3311, 
3331, 
3350, 
3367, 
3385, 
3403, 
3421, 
3438, 
3456, 
3472, 
3490, 
3504, 
3521, 
3541, 
3558, 
3572, 
3589, 
3605, 
3622, 
3637, 
3653, 
3671, 
3686, 
3698, 
3715, 
3730, 
3744, 
3757, 
3774, 
3787, 
3802, 
3813, 
3827, 
3843, 
3855, 
3868, 
3881, 
3891, 
3902, 
3910, 
3914, 
3918, 
3920, 
3921, 
3921, 
3920, 
3921, 
3921, 
3920, 
3921, 
3920, 
3921, 
3921, 
3920, 
3921, 
3921, 
3920, 
3921, 
3920, 
3920, 
3921, 
3921, 
3920, 
3921, 
3921, 
3921, 
3921, 
3920, 
3921, 
3921, 
3920, 
3921, 
3921, 
3920, 
3921, 
3920, 
3921, 
3921, 
3920, 
3921, 
3921, 
3920, 
3921, 
3920, 
3920, 
3921, 
3921, 
3921, 
3921, 
3920, 
3921, 
3921, 
3920, 
3921, 
3921, 
3920, 
3921, 
3921, 
3920, 
3921, 
3921, 
3920, 
3921, 
3920, 
3921, 
3921, 
3920, 
3921, 
3921, 
3920, 
3921, 
3921, 
3920, 
3921, 
3921, 
3920, 
3921, 
3921, 
3921, 
3921, 
3920, 
3921, 
3921, 
3920, 
3921, 
3921, 
3921, 
3921, 
3920, 
3921, 
3920, 
3920, 
3921, 
3921, 
3921, 
3921, 
3920, 
3921, 
3921, 
3919, 
3921, 
3920, 
3921, 
3921, 
3920, 
3921, 
3921, 
3920, 
3921, 
3920, 
3920, 
3921, 
3920, 
3921, 
3921, 
3920, 
3921, 
3920, 
3920, 
3921, 
3920, 
3919, 
3917, 
3896, 
3870, 
3856, 
3843, 
3832, 
3818, 
3805, 
3793, 
3780, 
3768, 
3751, 
3740, 
3725, 
3710, 
3697, 
3684, 
3671, 
3655, 
3641, 
3628, 
3613, 
3598, 
3583, 
3564, 
3551, 
3538, 
3520, 
3503, 
3489, 
3473, 
3457, 
3439, 
3425, 
3409, 
3392, 
3375, 
3359, 
3343, 
3328, 
3312, 
3295, 
3279, 
3260, 
3245, 
3227, 
3211, 
3194, 
3177, 
3160, 
3146, 
3126, 
3110, 
3092, 
3078, 
3060, 
3043, 
3026, 
3007, 
2990, 
2976, 
2957, 
2940, 
2923, 
2904, 
2888, 
2871, 
2854, 
2837, 
2818, 
2801, 
2786, 
2765, 
2748, 
2730, 
2715, 
2696, 
2681, 

2663, 
2644, 
2625, 
2611, 
2594, 
2576, 
2559, 
2540, 
2523, 
2508, 
2490, 
2473, 
2457, 
2440, 
2424, 
2406, 
2390, 
2371, 
2356, 
2340, 
2321, 
2306, 
2289, 

2271, 
2256, 
2240, 
2223, 
2207, 
2193, 
2178, 
2161, 
2147, 
2131, 
2115, 
2102, 
2085, 
2070, 
2057, 
2040, 
2026, 
2011, 
1995, 
1985, 
1968, 
1956, 
1941, 

1927, 
1911, 
1900, 
1885, 
1871, 
1859, 
1846, 
1832, 
1819, 
1807, 
1794, 
1782, 
1770, 
1758, 
1746, 
1734, 
1722, 
1710, 
1698, 
1686, 
1675, 
1664, 
1653, 

1642, 
1631, 
1620, 
1610, 
1600, 
1589, 
1581, 
1570, 
1559, 
1550, 
1541, 
1531, 
1521, 
1514, 
1506, 
1497, 
1488, 
1479, 
1473, 
1464, 
1456, 
1448, 
1441, 
1432, 
1426, 
1417, 
1412, 
1404, 
1397, 
1393, 
1385, 
1377, 
1372, 
1365, 
1359, 
1353, 
1345, 
1341, 
1335, 
1329, 
1325, 
1316, 
1313, 
1308, 
1302, 
1299, 
1293, 
1290, 
1285, 
1281, 
1277, 
1272, 
1270, 
1267, 
1264, 
1261, 
1257, 
1255, 
1251, 
1250, 
1247, 
1245, 
1242, 
1242, 
1241, 
1238, 
1236, 
1237, 
1234, 
1232, 
1232, 
1230, 
1232, 
1228, 
1229, 
1229, 
1228, 
1230, 
1230, 
1231, 
1231, 
1232, 
1234, 
1234, 
1235, 
1237, 
1238, 
1235, 
1240, 
1243, 
1243, 
1245, 
1246, 
1248, 
1250, 
1250, 
1252, 
1255, 
1257, 
1258, 
1261, 
1263, 
1266, 
1267, 
1270, 
1272, 
1276, 
1278, 
1281, 
1287, 
1290, 
1291, 
1296, 
1297, 
1301, 
1307, 
1307, 
1312, 
1315, 
1320, 
1322, 
1327, 
1331, 
1335, 
1339, 
1342, 
1343, 
1350, 
1354, 
1358, 
1363, 
1367, 
1371, 
1374, 
1379, 
1385, 
1389, 
1394, 
1397, 
1403, 
1407, 
1412, 
1414, 
1419, 
1425, 
1429, 
1433, 
1439, 
1443, 
1447, 
1452, 
1457, 
1461, 
1467, 
1471, 
1477, 
1483, 
1487, 
1492, 
1497, 
1501, 
1508, 
1511, 
1518, 
1523, 
1526, 
1530, 
1535, 
1542, 
1546, 
1551, 
1553, 
1559, 
1564, 
1569, 
1575, 
1580, 
1584, 
1589, 
1593, 
1601, 
1606, 
1609, 
1614, 
1618, 
1623, 
1628, 
1634, 
1638, 
1643, 
1648, 
1651, 
1656, 
1660, 
1666, 
1671, 
1677, 
1679, 
1685, 
1689, 
1694, 
1698, 
1705, 
1709, 
1714, 
1720, 
1725, 
1729, 
1734, 
1739, 
1743, 
1747, 
1751, 
1755, 
1760, 
1762, 
1767, 
1772, 
1776, 
1781, 
1785, 
1788, 
1794, 
1798, 
1800, 
1807, 
1810, 
1815, 
1821, 
1823, 
1826, 
1831, 
1834, 
1838, 
1841, 
1845, 
1848, 
1851, 
1854, 
1858, 
1861, 
1865, 
1868, 
1870, 
1874, 
1877, 
1878, 
1882, 
1883, 
1886, 
1890, 
1893, 
1893, 
1895, 
1900, 
1902, 
1904, 
1903, 
1906, 
1908, 
1911, 
1911, 
1913, 
1916, 
1917, 
1918, 
1919, 
1922, 
1923, 
1924, 
1925, 
1924, 
1926, 
1928, 
1927, 
1930, 
1929, 
1928, 
1929, 
1929, 
1931, 
1930, 
1932, 
1931, 
1930, 
1930, 
1931, 
1930, 
1931, 
1928, 
1927, 
1929, 
1926, 
1927, 
1924, 
1923, 
1922, 
1920, 
1919, 
1918, 
1915, 
1915, 
1913, 
1913, 
1911, 
1911, 
1909, 
1906, 
1904, 
1903, 
1901, 
1898, 
1897, 
1895, 
1894, 
1891, 
1888, 
1885, 
1882, 
1879, 
1879, 
1874, 
1873, 
1869, 
1868, 
1865, 
1862, 
1858, 
1856, 
1853, 
1850, 
1847, 
1845, 
1842, 
1839, 
1836, 
1832, 
1829, 
1824, 
1822, 
1818, 
1814, 
1811, 
1809, 
1804, 
1799, 
1796, 
1790, 
1787, 
1783, 
1778, 
1775, 
1770, 
1768, 
1764, 
1759, 
1758, 
1752, 
1747, 
1744, 
1740, 
1736, 
1733, 
1726, 
1726, 
1721, 
1717, 
1710, 
1707, 
1703, 
1699, 
1695, 
1690, 
1685, 
1682, 
1678, 
1674, 
1669, 
1662, 
1659, 
1655, 
1650, 
1648, 
1642, 
1637, 
1635, 
1632, 
1628, 
1624, 
1620, 
1616, 
1613, 
1610, 
1605, 
1602, 
1601, 
1597, 
1591, 
1587, 
1584, 
1582, 
1575, 
1576, 
1571, 
1566, 
1566, 
1560, 
1559, 
1555, 
1553, 
1548, 
1548, 
1544, 
1542, 
1541, 
1535, 
1535, 
1531, 
1530, 
1528, 
1525, 
1523, 
1521, 
1518, 
1517, 
1513, 
1512, 
1507, 
1506, 
1506, 
1504, 
1501, 
1500, 
1498, 
1496, 
1496, 
1493, 
1493, 
1489, 
1486, 
1486, 
1484, 
1483, 
1479, 
1480, 
1478, 
1476, 
1474, 
1475, 
1473, 
1471, 
1470, 
1469, 
1468, 
1468, 
1466, 
1464, 
1464, 
1462, 
1462, 
1462, 
1459, 
1460, 
1461, 
1458, 
1459, 
1457, 
1459, 
1456, 
1456, 
1457, 
1455, 
1455, 
1454, 
1456, 
1454, 
1455, 
1456, 
1453, 
1455, 
1454, 
1453, 
1454, 
1454, 
1453, 
1453, 
1454, 
1453, 
1453, 
1452, 
1454, 
1454, 
1454, 
1454, 
1455, 
1455, 
1457, 
1457, 
1458, 
1458, 
1458, 
1457, 
1459, 
1462, 
1462, 
1462, 
1463, 

1463, 
1464, 
1465, 
1466, 
1466, 
1467, 
1470, 
1471, 
1472, 
1471, 
1474, 
1475, 
1476, 
1477, 
1478, 
1478, 
1480, 
1480, 
1481, 
1483, 
1486, 
1485, 
1489, 

1489, 
1491, 
1490, 
1493, 
1492, 
1494, 
1496, 
1499, 
1500, 
1501, 
1502, 
1505, 
1505, 
1508, 
1507, 
1511, 
1511, 
1516, 
1515, 
1517, 
1518, 
1521, 
1523, 

1523, 
1526, 
1528, 
1527, 
1529, 
1533, 
1534, 
1535, 
1538, 
1538, 
1539, 
1540, 
1541, 
1545, 
1544, 
1548, 
1548, 
1548, 
1551, 
1553, 
1554, 
1556, 
1559, 
1561, 
1563, 
1563, 
1564, 
1567, 
1570, 
1571, 
1572, 
1575, 
1575, 
1575, 
1580, 
1582, 
1583, 
1585, 
1588, 
1588, 
1591, 
1593, 
1594, 
1596, 
1598, 
1601, 
1605, 
1605, 
1609, 
1610, 
1615, 
1617, 
1618, 
1620, 
1622, 
1625, 
1627, 
1630, 
1633, 
1635, 
1635, 
1640, 
1642, 
1644, 
1644, 
1648, 
1651, 
1653, 
1654, 
1658, 
1659, 
1660, 
1660, 
1662, 
1665, 
1667, 
1669, 
1672, 
1674, 
1677, 
1679, 
1678, 
1682, 
1684, 
1686, 
1688, 
1691, 
1690, 
1692, 
1694, 
1694, 
1697, 
1698, 
1699, 
1700, 
1703, 
1704, 
1704, 
1706, 
1706, 
1708, 
1710, 
1709, 
1711, 
1713, 
1713, 
1716, 
1716, 
1717, 
1717, 
1718, 
1718, 
1719, 
1720, 
1721, 
1722, 
1722, 
1723, 
1722, 
1722, 
1724, 
1723, 
1723, 
1725, 
1725, 
1726, 
1725, 
1725, 
1725, 
1724, 
1726, 
1727, 
1726, 
1727, 
1726, 
1727, 
1723, 
1723, 
1724, 
1725, 
1723, 
1723, 
1721, 
1724, 
1722, 
1722, 
1721, 
1720, 
1721, 
1721, 
1719, 
1720, 
1719, 
1718, 
1719, 
1719, 
1717, 
1718, 
1717, 
1715, 
1714, 
1713, 
1714, 
1712, 
1712, 
1710, 
1708, 
1709, 
1708, 
1706, 
1705, 
1704, 
1702, 
1701, 
1699, 
1699, 
1699, 
1694, 
1694, 
1692, 
1692, 
1689, 
1688, 
1685, 
1686, 
1685, 
1683, 
1680, 
1678, 
1678, 
1676, 
1675, 
1674, 
1670, 
1669, 
1667, 
1666, 
1666, 
1664, 
1660, 
1659, 
1657, 
1655, 
1654, 
1650, 
1649, 
1646, 
1644, 
1644, 
1642, 
1639, 
1637, 
1635, 
1632, 
1631, 
1631, 
1629, 
1625, 
1623, 
1622, 
1620, 
1618, 
1616, 
1614, 
1611, 
1609, 
1608, 
1605, 
1603, 
1602, 
1600, 
1597, 
1595, 
1594, 
1592, 
1590, 
1589, 
1589, 
1584, 
1583, 
1580, 
1578, 
1576, 
1574, 
1571, 
1570, 
1568, 
1565, 
1564, 
1561, 
1561, 
1558, 
1557, 
1554, 
1555, 
1551, 
1550, 
1547, 
1545, 
1543, 
1542, 
1538, 
1540, 
1536, 
1535, 
1532, 
1530, 
1529, 
1525, 
1526, 
1523, 
1522, 
1521, 
1518, 
1517, 
1518, 
1514, 
1513, 
1512, 
1509, 
1507, 
1507, 
1505, 
1504, 
1502, 
1501, 
1500, 
1499, 
1499, 
1497, 
1496, 
1496, 
1495, 
1494, 
1494, 
1493, 
1495, 
1493, 
1491, 
1493, 
1493, 
1493, 
1493, 
1495, 
1495, 
1494, 
1496, 
1498, 
1498, 
1498, 
1501, 
1500, 
1503, 
1505, 
1505, 
1507, 
1509, 
1511, 
1514, 
1516, 
1521, 
1524, 
1527, 
1531, 
1534, 
1537, 
1541, 
1547, 
1550, 
1554, 
1559, 
1564, 
1570, 
1573, 
1581, 
1585, 
1594, 
1597, 
1604, 
1612, 
1618, 
1624, 
1633, 
1641, 
1649, 
1658, 
1667, 
1676, 
1683, 
1694, 
1704, 
1713, 
1723, 
1733, 
1744, 
1754, 
1763, 
1777, 
1787, 
1800, 
1812, 
1825, 
1839, 
1851, 
1865, 
1879, 
1892, 
1908, 
1921, 
1935, 
1950, 
1966, 
1981, 
1996, 
2012, 
2029, 
2045, 
2062, 
2076, 
2093, 
2111, 
2129, 
2148, 
2166, 
2183, 
2203, 
2221, 
2241, 
2260, 
2280, 
2300, 
2317, 
2338, 
2358, 
2378, 
2398, 
2421, 
2443, 
2464, 
2483, 
2505, 
2529, 
2551, 
2573, 
2597, 
2617, 
2640, 
2662, 
2686, 
2709, 
2733, 
2760, 
2783, 
2805, 
2833, 
2854, 
2881, 
2905, 
2930, 
2955, 
2980, 
3005, 
3031, 
3056, 
3080, 
3106, 
3130, 
3156, 
3181, 
3204, 
3229, 
3254, 
3279, 
3305, 
3328, 
3351, 
3379, 
3405, 
3430, 
3455, 
3478, 
3505, 
3528, 
3553, 
3577, 
3601, 
3627, 
3649, 
3673, 
3699, 
3721, 
3747, 
3770, 
3794, 
3816, 
3837, 
3859, 
3881, 
3899, 
3912, 
3918, 
3919, 
3921, 
3920, 
3921, 
3921, 
3920, 
3921, 
3921, 
3920, 
3921, 
3921, 
3921, 
3921, 
3920, 
3921, 
3921, 
3920, 
3921, 
3920, 
3920, 
3921, 
3920, 
3922, 
3921, 
3921, 
3921, 
3920, 
3921, 
3921, 
3920, 
3921, 
3921, 
3921, 
3921, 
3920, 
3921, 
3921, 
3920, 
3921, 
3921, 
3921, 
3921, 
3920, 
3921, 
3921, 
3920, 
3921, 
3921, 
3920, 
3921, 
3920, 
3921, 
3921, 
3920, 
3921, 
3921, 
3921, 
3921, 
3921, 
3921, 
3921, 
3920, 
3921, 
3921, 
3920, 
3921, 
3921, 
3921, 
3921, 

3920, 
3921, 
3921, 
3921, 
3921, 
3921, 
3921, 
3922, 
3920, 
3921, 
3921, 
3920, 
3921, 
3920, 
3921, 
3921, 
3920, 
3921, 
3921, 
3921, 
3922, 
3920, 
3921, 

3921, 
3921, 
3921, 
3921, 
3920, 
3921, 
3920, 
3921, 
3921, 
3920, 
3921, 
3921, 
3921, 
3921, 
3920, 
3922, 
3921, 
3921, 
3921, 
3920, 
3921, 
3921, 
3920, 

3921, 
3921, 
3920, 
3921, 
3920, 
3921, 
3921, 
3920, 
3921, 
3921, 
3921, 
3921, 
3920, 
3921, 
3921, 
3921, 
3921, 
3920, 
3921, 
3921, 
3920, 
3921, 
3921, 
3921, 
3921, 
3920, 
3921, 
3921, 
3921, 
3921, 
3920, 
3921, 
3921, 
3921, 
3921, 
3920, 
3921, 
3921, 
3920, 
3921, 
3921, 
3921, 
3921, 
3920, 
3921, 
3921, 
3920, 
3921, 
3920, 
3921, 
3921, 
3920, 
3921, 
3921, 
3920, 
3921, 
3921, 
3920, 
3921, 
3920, 
3921, 
3921, 
3920, 
3921, 
3920, 
3921, 
3921, 
3920, 
3921, 
3920, 
3911, 
3858, 
3836, 
3815, 
3797, 
3778, 
3757, 
3737, 
3716, 
3697, 
3676, 
3655, 
3635, 
3614, 
3595, 
3574, 
3552, 
3533, 
3513, 
3491, 
3472, 
3453, 
3430, 
3410, 
3390, 
3369, 
3349, 
3326, 
3307, 
3286, 
3263, 
3243, 
3223, 
3203, 
3182, 
3159, 
3140, 
3117, 
3096, 
3075, 
3053, 
3034, 
3012, 
2991, 
2970, 
2949, 
2932, 
2911, 
2889, 
2868, 
2848, 
2827, 
2806, 
2786, 
2767, 
2746, 
2723, 
2704, 
2683, 
2664, 
2644, 
2623, 
2605, 
2583, 
2563, 
2543, 
2524, 
2504, 
2484, 
2465, 
2447, 
2427, 
2408, 
2390, 
2369, 
2351, 
2330, 
2312, 
2293, 
2273, 
2257, 
2236, 
2217, 
2198, 
2184, 
2162, 
2146, 
2128, 
2109, 
2092, 
2074, 
2057, 
2040, 
2024, 
2007, 
1991, 
1974, 
1958, 
1942, 
1925, 
1910, 
1895, 
1880, 
1866, 
1852, 
1836, 
1821, 
1808, 
1794, 
1780, 
1766, 
1753, 
1740, 
1727, 
1714, 
1701, 
1691, 
1677, 
1664, 
1653, 
1643, 
1629, 
1618, 
1606, 
1595, 
1584, 
1573, 
1562, 
1554, 
1544, 
1536, 
1525, 
1516, 
1507, 
1496, 
1490, 
1481, 
1471, 
1464, 
1457, 
1450, 
1440, 
1433, 
1425, 
1419, 
1413, 
1405, 
1401, 
1393, 
1387, 
1382, 
1376, 
1373, 
1366, 
1360, 
1355, 
1352, 
1347, 
1342, 
1340, 
1337, 
1332, 
1328, 
1322, 
1322, 
1318, 
1314, 
1312, 
1307, 
1303, 
1302, 
1300, 
1298, 
1295, 
1291, 
1291, 
1288, 
1288, 
1286, 
1286, 
1286, 
1284, 
1283, 
1281, 
1282, 
1281, 
1282, 
1280, 
1280, 
1279, 
1281, 
1281, 
1283, 
1283, 
1283, 
1283, 
1285, 
1284, 
1286, 
1288, 
1289, 
1290, 
1294, 
1293, 
1296, 
1299, 
1301, 
1305, 
1306, 
1308, 
1310, 
1312, 
1316, 
1320, 
1322, 
1324, 
1327, 
1331, 
1334, 
1338, 
1342, 
1347, 
1350, 
1352, 
1358, 
1359, 
1363, 
1367, 
1372, 
1376, 
1380, 
1386, 
1388, 
1393, 
1396, 
1399, 
1404, 
1410, 
1413, 
1418, 
1422, 
1428, 
1431, 
1434, 
1441, 
1444, 
1451, 
1456, 
1461, 
1464, 
1470, 
1475, 
1480, 
1484, 
1489, 
1495, 
1498, 
1505, 
1509, 
1516, 
1519, 
1524, 
1530, 
1534, 
1539, 
1546, 
1549, 
1554, 
1558, 
1564, 
1570, 
1574, 
1581, 
1585, 
1590, 
1595, 
1599, 
1604, 
1609, 
1614, 
1617, 
1623, 
1629, 
1633, 
1637, 
1646, 
1648, 
1654, 
1657, 
1662, 
1666, 
1672, 
1676, 
1682, 
1686, 
1690, 
1692, 
1696, 
1702, 
1705, 
1711, 
1716, 
1723, 
1726, 
1730, 
1737, 
1741, 
1746, 
1749, 
1755, 
1758, 
1764, 
1770, 
1774, 
1779, 
1782, 
1787, 
1793, 
1797, 
1803, 
1807, 
1811, 
1815, 
1821, 
1827, 
1831, 
1836, 
1841, 
1845, 
1851, 
1854, 
1861, 
1864, 
1870, 
1876, 
1877, 
1883, 
1889, 
1893, 
1899, 
1901, 
1908, 
1911, 
1918, 
1922, 
1926, 
1929, 
1937, 
1941, 
1947, 
1951, 
1955, 
1959, 
1963, 
1969, 
1973, 
1976, 
1983, 
1987, 
1990, 
1994, 
1998, 
2001, 
2006, 
2009, 
2013, 
2017, 
2021, 
2026, 
2028, 
2032, 
2035, 
2039, 
2043, 
2046, 
2048, 
2054, 
2058, 
2059, 
2063, 
2066, 
2071, 
2072, 
2076, 
2079, 
2081, 
2084, 
2089, 
2088, 
2089, 
2094, 
2096, 
2098, 
2101, 
2101, 
2101, 
2102, 
2104, 
2108, 
2109, 
2111, 
2112, 
2113, 
2114, 
2115, 
2114, 
2116, 
2118, 
2118, 
2118, 
2119, 
2118, 
2122, 
2122, 
2120, 
2123, 
2122, 
2122, 
2122, 
2122, 
2120, 
2119, 
2118, 
2118, 
2116, 
2113, 
2115, 
2113, 
2114, 
2113, 
2110, 
2110, 
2109, 
2108, 
2106, 
2104, 
2102, 

2101, 
2099, 
2097, 
2093, 
2093, 
2089, 
2088, 
2084, 
2082, 
2080, 
2078, 
2073, 
2069, 
2067, 
2066, 
2060, 
2055, 
2051, 
2049, 
2044, 
2041, 
2038, 
2035, 

2030, 
2026, 
2024, 
2020, 
2017, 
2014, 
2009, 
2005, 
2000, 
1996, 
1993, 
1985, 
1982, 
1977, 
1974, 
1970, 
1965, 
1961, 
1956, 
1951, 
1946, 
1940, 
1935, 

1932, 
1926, 
1922, 
1916, 
1910, 
1904, 
1899, 
1895, 
1890, 
1884, 
1878, 
1873, 
1868, 
1864, 
1858, 
1854, 
1847, 
1841, 
1835, 
1829, 
1825, 
1819, 
1813, 
1810, 
1803, 
1799, 
1792, 
1788, 
1781, 
1776, 
1771, 
1766, 
1759, 
1754, 
1749, 
1742, 
1738, 
1732, 
1727, 
1721, 
1715, 
1713, 
1707, 
1701, 
1696, 
1690, 
1685, 
1681, 
1673, 
1672, 
1664, 
1658, 
1652, 
1647, 
1642, 
1636, 
1631, 
1625, 
1621, 
1615, 
1610, 
1603, 
1598, 
1592, 
1589, 
1585, 
1580, 
1574, 
1570, 
1564, 
1560, 
1555, 
1551, 
1545, 
1542, 
1538, 
1534, 
1529, 
1526, 
1523, 
1519, 
1516, 
1511, 
1508, 
1502, 
1501, 
1497, 
1495, 
1491, 
1487, 
1484, 
1482, 
1479, 
1475, 
1473, 
1471, 
1469, 
1468, 
1464, 
1461, 
1459, 
1457, 
1453, 
1451, 
1451, 
1447, 
1446, 
1444, 
1441, 
1442, 
1439, 
1437, 
1437, 
1437, 
1435, 
1434, 
1433, 
1431, 
1431, 
1431, 
1429, 
1428, 
1427, 
1429, 
1428, 
1429, 
1428, 
1428, 
1429, 
1429, 
1430, 
1432, 
1429, 
1432, 
1431, 
1431, 
1431, 
1431, 
1432, 
1433, 
1432, 
1434, 
1434, 
1435, 
1436, 
1438, 
1440, 
1440, 
1442, 
1442, 
1444, 
1446, 
1447, 
1449, 
1450, 
1451, 
1450, 
1453, 
1454, 
1456, 
1458, 
1462, 
1464, 
1466, 
1467, 
1470, 
1472, 
1472, 
1476, 
1477, 
1479, 
1481, 
1484, 
1486, 
1486, 
1488, 
1491, 
1493, 
1495, 
1496, 
1497, 
1502, 
1503, 
1505, 
1508, 
1511, 
1511, 
1513, 
1516, 
1516, 
1519, 
1519, 
1522, 
1523, 
1526, 
1528, 
1530, 
1532, 
1533, 
1536, 
1538, 
1540, 
1542, 
1544, 
1546, 
1547, 
1550, 
1553, 
1555, 
1555, 
1558, 
1560, 
1562, 
1564, 
1566, 
1567, 
1570, 
1570, 
1573, 
1574, 
1577, 
1581, 
1581, 
1581, 
1586, 
1585, 
1587, 
1591, 
1589, 
1594, 
1593, 
1596, 
1598, 
1600, 
1601, 
1601, 
1602, 
1607, 
1608, 
1609, 
1612, 
1612, 
1614, 
1617, 
1616, 
1620, 
1619, 
1621, 
1621, 
1624, 
1623, 
1624, 
1624, 
1627, 
1628, 
1628, 
1628, 
1631, 
1632, 
1632, 
1635, 
1636, 
1634, 
1637, 
1636, 
1636, 
1639, 
1640, 
1640, 
1641, 
1642, 
1643, 
1640, 
1643, 
1642, 
1643, 
1642, 
1642, 
1644, 
1644, 
1644, 
1644, 
1644, 
1645, 
1646, 
1644, 
1646, 
1646, 
1645, 
1646, 
1647, 
1646, 
1645, 
1644, 
1646, 
1645, 
1645, 
1644, 
1644, 
1643, 
1642, 
1642, 
1641, 
1639, 
1641, 
1641, 
1641, 
1640, 
1639, 
1638, 
1638, 
1639, 
1640, 
1638, 
1639, 
1639, 
1638, 
1637, 
1636, 
1637, 
1637, 
1635, 
1634, 
1634, 
1632, 
1632, 
1632, 
1631, 
1630, 
1630, 
1630, 
1629, 
1629, 
1628, 
1625, 
1627, 
1625, 
1623, 
1623, 
1621, 
1621, 
1619, 
1618, 
1618, 
1618, 
1616, 
1616, 
1614, 
1613, 
1613, 
1608, 
1609, 
1607, 
1605, 
1602, 
1602, 
1601, 
1599, 
1596, 
1596, 
1594, 
1590, 
1591, 
1588, 
1587, 
1584, 
1581, 
1581, 
1580, 
1578, 
1575, 
1575, 
1573, 
1573, 
1570, 
1570, 
1565, 
1563, 
1563, 
1561, 
1559, 
1555, 
1553, 
1552, 
1551, 
1548, 
1547, 
1544, 
1541, 
1540, 
1539, 
1536, 
1533, 
1531, 
1527, 
1526, 
1526, 
1522, 
1519, 
1516, 
1514, 
1510, 
1508, 
1505, 
1504, 
1501, 
1500, 
1499, 
1495, 
1492, 
1491, 
1488, 
1485, 
1482, 
1481, 
1477, 
1478, 
1473, 
1471, 
1470, 
1466, 
1464, 
1462, 
1461, 
1459, 
1456, 
1453, 
1451, 
1451, 
1447, 
1444, 
1444, 
1442, 
1439, 
1438, 
1436, 
1434, 
1432, 
1429, 
1426, 
1426, 
1423, 
1424, 
1420, 
1418, 
1417, 
1416, 
1414, 
1411, 
1412, 
1410, 
1408, 
1407, 
1404, 
1406, 
1405, 
1403, 
1402, 
1402, 
1400, 
1399, 
1401, 
1398, 
1398, 
1399, 
1398, 
1397, 
1398, 
1399, 
1398, 
1398, 
1397, 
1397, 
1400, 
1398, 
1399, 
1401, 
1402, 
1403, 
1404, 
1405, 
1408, 
1408, 
1412, 
1413, 
1417, 
1418, 
1420, 
1423, 
1426, 
1426, 
1430, 
1432, 
1434, 
1438, 
1444, 
1447, 
1450, 
1455, 
1462, 
1466, 
1471, 
1475, 
1479, 
1486, 
1492, 
1499, 
1506, 
1513, 
1520, 
1527, 
1533, 
1541, 
1550, 
1559, 
1566, 
1575, 
1583, 
1593, 
1601, 
1611, 
1620, 
1629, 
1640, 
1652, 
1663, 
1673, 
1686, 
1697, 
1709, 

1723, 
1733, 
1748, 
1761, 
1773, 
1789, 
1804, 
1818, 
1831, 
1845, 
1863, 
1880, 
1895, 
1912, 
1927, 
1946, 
1960, 
1979, 
1994, 
2014, 
2034, 
2052, 
2068, 

2091, 
2107, 
2127, 
2148, 
2169, 
2189, 
2209, 
2230, 
2251, 
2273, 
2295, 
2316, 
2338, 
2361, 
2384, 
2407, 
2431, 
2454, 
2477, 
2500, 
2526, 
2550, 
2575, 

2598, 
2624, 
2649, 
2674, 
2699, 
2724, 
2752, 
2777, 
2802, 
2828, 
2854, 
2880, 
2906, 
2933, 
2959, 
2988, 
3014, 
3040, 
3068, 
3096, 
3125, 
3152, 
3178, 
3205, 
3233, 
3261, 
3286, 
3313, 
3342, 
3368, 
3397, 
3425, 
3451, 
3478, 
3506, 
3533, 
3560, 
3586, 
3614, 
3640, 
3667, 
3694, 
3719, 
3747, 
3771, 
3797, 
3823, 
3848, 
3873, 
3894, 
3908, 
3917, 
3920, 
3920, 
3921, 
3921, 
3921, 
3921, 
3920, 
3921, 
3921, 
3920, 
3921, 
3921, 
3920, 
3921, 
3921, 
3921, 
3921, 
3921, 
3921, 
3921, 
3920, 
3921, 
3921, 
3921, 
3921, 
3921, 
3921, 
3921, 
3921, 
3921, 
3921, 
3921, 
3921, 
3921, 
3921, 
3921, 
3921, 
3921, 
3921, 
3921, 
3921, 
3921, 
3921, 
3920, 
3922, 
3921, 
3921, 
3921, 
3920, 
3921, 
3921, 
3920, 
3921, 
3921, 
3921, 
3921, 
3921, 
3921, 
3921, 
3921, 
3921, 
3920, 
3921, 
3921, 
3921, 
3921, 
3921, 
3921, 
3921, 
3921, 
3921, 
3921, 
3921, 
3921, 
3921, 
3921, 
3921, 
3920, 
3921, 
3921, 
3920, 
3922, 
3921, 
3921, 
3922, 
3920, 
3921, 
3921, 
3920, 
3921, 
3921, 
3921, 
3922, 
3921, 
3921, 
3922, 
3920, 
3921, 
3921, 
3921, 
3921, 
3921, 
3921, 
3921, 
3920, 
3921, 
3921, 
3921, 
3922, 
3920, 
3921, 
3921, 
3921, 
3921, 
3920, 
3921, 
3921, 
3921, 
3922, 
3921, 
3921, 
3921, 
3920, 
3922, 
3921, 
3921, 
3921, 
3921, 
3921, 
3921, 
3920, 
3921, 
3921, 
3921, 
3921, 
3921, 
3921, 
3921, 
3920, 
3921, 
3921, 
3921, 
3921, 
3920, 
3921, 
3921, 
3921, 
3921, 
3921, 
3921, 
3921, 
3920, 
3921, 
3921, 
3920, 
3921, 
3921, 
3920, 
3921, 
3921, 
3921, 
3921, 
3921, 
3921, 
3921, 
3921, 
3921, 
3921, 
3920, 
3921, 
3921, 
3920, 
3921, 
3921, 
3921, 
3920, 
3908, 
3853, 
3830, 
3808, 
3789, 
3768, 
3749, 
3726, 
3703, 
3685, 
3660, 
3642, 
3619, 
3598, 
3577, 
3554, 
3531, 
3510, 
3488, 
3466, 
3446, 
3425, 
3401, 
3381, 
3357, 
3337, 
3316, 
3293, 
3271, 
3251, 
3228, 
3206, 
3185, 
3164, 
3141, 
3119, 
3099, 
3075, 
3053, 
3030, 
3010, 
2990, 
2968, 
2947, 
2927, 
2904, 
2885, 
2864, 
2841, 
2823, 
2802, 
2781, 
2758, 
2738, 
2718, 
2697, 
2677, 
2657, 
2638, 
2617, 
2600, 
2580, 
2560, 
2541, 
2523, 
2505, 
2485, 
2468, 
2450, 
2430, 
2412, 
2396, 
2377, 
2359, 
2341, 
2324, 
2308, 
2289, 
2272, 
2255, 
2236, 
2220, 
2204, 
2187, 
2172, 
2156, 
2139, 
2124, 
2109, 
2094, 
2078, 
2063, 
2048, 
2033, 
2017, 
2004, 
1988, 
1975, 
1958, 
1943, 
1932, 
1917, 
1904, 
1890, 
1876, 
1862, 
1849, 
1837, 
1825, 
1813, 
1799, 
1787, 
1775, 
1763, 
1752, 
1740, 
1729, 
1718, 
1707, 
1697, 
1685, 
1676, 
1665, 
1653, 
1644, 
1632, 
1624, 
1614, 
1604, 
1593, 
1582, 
1573, 
1566, 
1557, 
1547, 
1539, 
1530, 
1520, 
1514, 
1504, 
1497, 
1491, 
1481, 
1475, 
1467, 
1460, 
1453, 
1445, 
1440, 
1434, 
1426, 
1418, 
1413, 
1406, 
1399, 
1393, 
1387, 
1382, 
1376, 
1372, 
1367, 
1360, 
1356, 
1350, 
1346, 
1340, 
1336, 
1331, 
1327, 
1323, 
1318, 
1314, 
1312, 
1309, 
1304, 
1302, 
1299, 
1296, 
1292, 
1290, 
1287, 
1283, 
1281, 
1281, 
1277, 
1275, 
1274, 
1272, 
1271, 
1269, 
1268, 
1267, 
1266, 
1264, 
1263, 
1264, 
1265, 
1263, 
1262, 
1262, 
1262, 
1263, 
1264, 
1265, 
1265, 
1263, 
1265, 
1267, 
1267, 
1267, 
1268, 
1269, 
1273, 
1273, 
1276, 
1276, 
1279, 
1281, 
1284, 
1286, 
1287, 
1289, 
1293, 
1295, 
1298, 
1300, 
1303, 
1306, 
1310, 
1312, 
1315, 
1319, 
1323, 
1326, 
1331, 
1335, 
1338, 
1342, 
1345, 
1350, 
1353, 
1358, 
1362, 
1367, 
1371, 
1376, 
1378, 
1383, 
1389, 
1393, 
1395, 
1400, 
1404, 
1409, 
1413, 
1416, 
1423, 
1427, 
1431, 
1435, 
1438, 
1444, 
1448, 
1454, 
1457, 
1461, 
1465, 
1472, 
1477, 
1479, 
1486, 
1490, 
1496, 
1498, 
1503, 
1508, 
1513, 
1518, 
1521, 
1527, 
1532, 
1536, 
1541, 
1544, 
1550, 
1554, 
1558, 
1563, 
1570, 
1573, 
1576, 
1582, 
1585, 
1592, 
1595, 
1599, 
1603, 
1607, 
1610, 
1616, 
1622, 
1624, 

1628, 
1631, 
1634, 
1639, 
1642, 
1645, 
1651, 
1654, 
1658, 
1661, 
1664, 
1667, 
1672, 
1674, 
1677, 
1680, 
1683, 
1686, 
1687, 
1690, 
1692, 
1696, 
1699, 

1701, 
1704, 
1707, 
1708, 
1710, 
1714, 
1714, 
1717, 
1717, 
1722, 
1723, 
1724, 
1726, 
1729, 
1729, 
1731, 
1732, 
1732, 
1734, 
1736, 
1737, 
1736, 
1739, 

1739, 
1741, 
1740, 
1743, 
1745, 
1744, 
1747, 
1747, 
1748, 
1748, 
1749, 
1749, 
1749, 
1749, 
1749, 
1749, 
1747, 
1748, 
1749, 
1746, 
1747, 
1747, 
1746, 
1744, 
1741, 
1742, 
1742, 
1741, 
1738, 
1739, 
1737, 
1735, 
1735, 
1732, 
1731, 
1731, 
1729, 
1727, 
1725, 
1724, 
1722, 
1720, 
1720, 
1718, 
1716, 
1713, 
1711, 
1709, 
1708, 
1705, 
1703, 
1701, 
1697, 
1696, 
1694, 
1691, 
1689, 
1686, 
1685, 
1684, 
1679, 
1675, 
1674, 
1671, 
1667, 
1664, 
1662, 
1659, 
1655, 
1652, 
1648, 
1645, 
1644, 
1639, 
1637, 
1635, 
1630, 
1628, 
1625, 
1621, 
1616, 
1614, 
1613, 
1608, 
1607, 
1603, 
1599, 
1596, 
1593, 
1592, 
1587, 
1585, 
1582, 
1578, 
1576, 
1573, 
1570, 
1566, 
1563, 
1560, 
1555, 
1553, 
1550, 
1546, 
1546, 
1543, 
1541, 
1538, 
1534, 
1531, 
1529, 
1527, 
1526, 
1523, 
1521, 
1517, 
1514, 
1512, 
1510, 
1507, 
1507, 
1505, 
1500, 
1499, 
1497, 
1496, 
1493, 
1490, 
1487, 
1487, 
1483, 
1482, 
1481, 
1478, 
1478, 
1476, 
1473, 
1472, 
1470, 
1467, 
1466, 
1464, 
1464, 
1461, 
1460, 
1459, 
1456, 
1456, 
1452, 
1451, 
1451, 
1450, 
1450, 
1447, 
1448, 
1447, 
1446, 
1442, 
1443, 
1442, 
1443, 
1442, 
1442, 
1442, 
1442, 
1439, 
1440, 
1438, 
1440, 
1438, 
1438, 
1437, 
1438, 
1438, 
1439, 
1437, 
1438, 
1437, 
1438, 
1439, 
1439, 
1439, 
1438, 
1439, 
1440, 
1441, 
1442, 
1440, 
1441, 
1442, 
1443, 
1443, 
1444, 
1445, 
1444, 
1445, 
1446, 
1449, 
1449, 
1448, 
1451, 
1452, 
1452, 
1453, 
1454, 
1454, 
1457, 
1457, 
1457, 
1462, 
1461, 
1463, 
1466, 
1467, 
1468, 
1470, 
1472, 
1473, 
1474, 
1477, 
1479, 
1482, 
1484, 
1485, 
1487, 
1488, 
1488, 
1492, 
1493, 
1496, 
1498, 
1500, 
1502, 
1504, 
1505, 
1507, 
1510, 
1511, 
1513, 
1515, 
1518, 
1519, 
1521, 
1522, 
1525, 
1526, 
1529, 
1531, 
1534, 
1536, 
1536, 
1542, 
1544, 
1544, 
1547, 
1551, 
1552, 
1556, 
1556, 
1561, 
1563, 
1564, 
1568, 
1570, 
1573, 
1575, 
1578, 
1581, 
1583, 
1585, 
1589, 
1592, 
1594, 
1597, 
1601, 
1602, 
1606, 
1610, 
1612, 
1615, 
1616, 
1620, 
1624, 
1624, 
1628, 
1631, 
1634, 
1639, 
1638, 
1642, 
1646, 
1649, 
1652, 
1653, 
1656, 
1661, 
1664, 
1666, 
1670, 
1673, 
1674, 
1678, 
1682, 
1684, 
1687, 
1692, 
1696, 
1697, 
1702, 
1704, 
1707, 
1711, 
1714, 
1717, 
1719, 
1721, 
1726, 
1725, 
1732, 
1732, 
1735, 
1738, 
1739, 
1744, 
1746, 
1748, 
1751, 
1754, 
1754, 
1759, 
1760, 
1764, 
1765, 
1769, 
1770, 
1772, 
1775, 
1778, 
1781, 
1784, 
1786, 
1788, 
1790, 
1792, 
1793, 
1796, 
1797, 
1800, 
1802, 
1804, 
1807, 
1806, 
1809, 
1812, 
1813, 
1815, 
1816, 
1817, 
1819, 
1820, 
1822, 
1825, 
1825, 
1829, 
1830, 
1831, 
1831, 
1833, 
1835, 
1835, 
1836, 
1838, 
1839, 
1839, 
1840, 
1840, 
1841, 
1842, 
1845, 
1845, 
1845, 
1847, 
1846, 
1846, 
1847, 
1847, 
1849, 
1849, 
1849, 
1850, 
1851, 
1851, 
1851, 
1851, 
1851, 
1852, 
1853, 
1854, 
1852, 
1854, 
1852, 
1853, 
1852, 
1852, 
1852, 
1851, 
1852, 
1851, 
1851, 
1852, 
1852, 
1852, 
1852, 
1851, 
1852, 
1851, 
1851, 
1852, 
1851, 
1850, 
1850, 
1849, 
1849, 
1849, 
1847, 
1848, 
1846, 
1847, 
1846, 
1846, 
1846, 
1844, 
1841, 
1841, 
1840, 
1840, 
1840, 
1840, 
1839, 
1838, 
1839, 
1836, 
1837, 
1837, 
1835, 
1834, 
1833, 
1832, 
1834, 
1831, 
1832, 
1829, 
1830, 
1829, 
1827, 
1827, 
1826, 
1826, 
1826, 
1824, 
1823, 
1822, 
1820, 
1819, 
1819, 
1820, 
1817, 
1818, 
1818, 
1817, 
1816, 
1815, 
1816, 
1814, 
1814, 
1811, 
1810, 
1807, 
1808, 
1806, 
1807, 
1804, 
1803, 
1805, 
1803, 
1804, 
1802, 
1802, 
1800, 
1800, 
1800, 
1799, 
1798, 
1798, 
1797, 
1799, 
1797, 
1797, 
1795, 
1796, 
1798, 
1798, 
1796, 
1796, 
1796, 
1795, 
1797, 
1796, 
1794, 
1796, 
1794, 
1795, 
1795, 
1794, 
1793, 
1794, 
1794, 
1794, 
1794, 
1793, 
1793, 
1793, 
1791, 
1792, 
1792, 
1791, 
1791, 
1791, 
1789, 
1787, 

1790, 
1791, 
1789, 
1787, 
1790, 
1786, 
1787, 
1787, 
1785, 
1786, 
1784, 
1786, 
1781, 
1784, 
1784, 
1784, 
1781, 
1781, 
1780, 
1779, 
1781, 
1779, 
1778, 

1778, 
1778, 
1776, 
1777, 
1775, 
1773, 
1774, 
1772, 
1771, 
1769, 
1769, 
1767, 
1766, 
1767, 
1767, 
1763, 
1764, 
1763, 
1761, 
1762, 
1760, 
1759, 
1759, 

1758, 
1755, 
1754, 
1753, 
1753, 
1749, 
1750, 
1749, 
1748, 
1748, 
1746, 
1743, 
1742, 
1740, 
1740, 
1739, 
1737, 
1737, 
1734, 
1735, 
1733, 
1733, 
1730, 
1728, 
1727, 
1726, 
1723, 
1722, 
1721, 
1719, 
1719, 
1716, 
1712, 
1714, 
1711, 
1709, 
1706, 
1705, 
1703, 
1701, 
1699, 
1696, 
1697, 
1695, 
1693, 
1691, 
1689, 
1688, 
1687, 
1684, 
1682, 
1679, 
1678, 
1677, 
1674, 
1673, 
1671, 
1669, 
1667, 
1666, 
1667, 
1663, 
1661, 
1661, 
1660, 
1658, 
1658, 
1657, 
1657, 
1656, 
1655, 
1656, 
1654, 
1651, 
1653, 
1652, 
1651, 
1652, 
1650, 
1650, 
1650, 
1650, 
1651, 
1651, 
1650, 
1652, 
1651, 
1653, 
1651, 
1652, 
1655, 
1656, 
1657, 
1658, 
1659, 
1663, 
1665, 
1666, 
1668, 
1671, 
1673, 
1676, 
1676, 
1681, 
1685, 
1689, 
1693, 
1695, 
1700, 
1703, 
1706, 
1712, 
1715, 
1722, 
1727, 
1731, 
1739, 
1745, 
1752, 
1757, 
1766, 
1772, 
1781, 
1785, 
1795, 
1804, 
1811, 
1821, 
1830, 
1840, 
1850, 
1859, 
1871, 
1881, 
1893, 
1902, 
1914, 
1926, 
1939, 
1952, 
1964, 
1978, 
1990, 
2003, 
2018, 
2033, 
2048, 
2061, 
2077, 
2093, 
2108, 
2123, 
2141, 
2155, 
2172, 
2190, 
2208, 
2226, 
2243, 
2260, 
2280, 
2298, 
2318, 
2335, 
2356, 
2376, 
2396, 
2417, 
2438, 
2459, 
2479, 
2501, 
2523, 
2543, 
2568, 
2589, 
2612, 
2636, 
2659, 
2683, 
2705, 
2728, 
2754, 
2778, 
2801, 
2828, 
2851, 
2875, 
2900, 
2926, 
2951, 
2975, 
3001, 
3027, 
3051, 
3077, 
3105, 
3131, 
3155, 
3184, 
3209, 
3238, 
3264, 
3288, 
3315, 
3342, 
3367, 
3393, 
3421, 
3447, 
3475, 
3499, 
3526, 
3554, 
3577, 
3605, 
3631, 
3656, 
3683, 
3709, 
3734, 
3761, 
3785, 
3810, 
3836, 
3859, 
3882, 
3902, 
3913, 
3919, 
3921, 
3921, 
3922, 
3921, 
3921, 
3922, 
3921, 
3921, 
3921, 
3921, 
3921, 
3921, 
3921, 
3921, 
3920, 
3921, 
3921, 
3921, 
3921, 
3921, 
3921, 
3921, 
3921, 
3921, 
3921, 
3921, 
3922, 
3922, 
3921, 
3922, 
3921, 
3921, 
3922, 
3921, 
3922, 
3921, 
3921, 
3922, 
3922, 
3921, 
3922, 
3921, 
3921, 
3921, 
3921, 
3922, 
3921, 
3921, 
3921, 
3922, 
3920, 
3922, 
3921, 
3920, 
3921, 
3922, 
3921, 
3922, 
3921, 
3922, 
3922, 
3921, 
3921, 
3921, 
3921, 
3922, 
3921, 
3921, 
3921, 
3921, 
3922, 
3922, 
3921, 
3922, 
3921, 
3921, 
3922, 
3921, 
3922, 
3922, 
3921, 
3921, 
3921, 
3922, 
3922, 
3921, 
3922, 
3922, 
3921, 
3922, 
3921, 
3922, 
3921, 
3921, 
3922, 
3921, 
3921, 
3922, 
3922, 
3921, 
3922, 
3920, 
3922, 
3922, 
3921, 
3921, 
3922, 
3921, 
3922, 
3922, 
3921, 
3922, 
3921, 
3922, 
3922, 
3920, 
3922, 
3922, 
3922, 
3922, 
3921, 
3922, 
3921, 
3921, 
3922, 
3921, 
3921, 
3922, 
3921, 
3922, 
3921, 
3921, 
3922, 
3921, 
3922, 
3922, 
3920, 
3921, 
3922, 
3922, 
3922, 
3921, 
3922, 
3921, 
3921, 
3922, 
3922, 
3921, 
3922, 
3922, 
3921, 
3921, 
3921, 
3922, 
3922, 
3921, 
3922, 
3922, 
3921, 
3922, 
3921, 
3922, 
3922, 
3921, 
3922, 
3921, 
3921, 
3922, 
3921, 
3921, 
3922, 
3922, 
3921, 
3922, 
3921, 
3921, 
3922, 
3920, 
3922, 
3921, 
3921, 
3922, 
3922, 
3921, 
3922, 
3921, 
3922, 
3922, 
3921, 
3922, 
3921, 
3922, 
3922, 
3921, 
3922, 
3922, 
3921, 
3922, 
3922, 
3921, 
3922, 
3921, 
3922, 
3922, 
3921, 
3922, 
3922, 
3921, 
3922, 
3921, 
3921, 
3922, 
3921, 
3921, 
3921, 
3921, 
3922, 
3921, 
3922, 
3922, 
3921, 
3921, 
3921, 
3921, 
3922, 
3921, 
3921, 
3922, 
3921, 
3922, 
3922, 
3921, 
3922, 
3921, 
3921, 
3922, 
3921, 
3921, 
3921, 
3921, 
3922, 
3922, 
3921, 
3922, 
3922, 
3921, 
3922, 
3922, 
3921, 
3922, 
3922, 
3921, 
3922, 
3922, 
3921, 
3921, 
3920, 
3921, 
3922, 
3921, 
3922, 
3921, 
3921, 
3921, 
3921, 
3922, 
3921, 
3921, 
3921, 
3921, 
3921, 
3921, 
3920, 
3921, 
3921, 
3921, 
3921, 

3920, 
3921, 
3920, 
3904, 
3854, 
3834, 
3815, 
3797, 
3778, 
3759, 
3741, 
3719, 
3699, 
3679, 
3659, 
3640, 
3619, 
3597, 
3578, 
3557, 
3535, 
3515, 
3495, 

3473, 
3452, 
3432, 
3409, 
3390, 
3369, 
3347, 
3328, 
3305, 
3286, 
3263, 
3242, 
3223, 
3201, 
3178, 
3159, 
3138, 
3118, 
3095, 
3077, 
3053, 
3033, 
3013, 

2992, 
2970, 
2948, 
2930, 
2907, 
2885, 
2864, 
2843, 
2822, 
2803, 
2782, 
2761, 
2741, 
2720, 
2699, 
2681, 
2660, 
2638, 
2617, 
2599, 
2579, 
2558, 
2538, 
2520, 
2499, 
2483, 
2461, 
2445, 
2427, 
2408, 
2388, 
2369, 
2351, 
2332, 
2315, 
2298, 
2281, 
2261, 
2246, 
2229, 
2211, 
2197, 
2179, 
2163, 
2148, 
2130, 
2114, 
2097, 
2085, 
2069, 
2054, 
2039, 
2024, 
2009, 
1995, 
1981, 
1967, 
1953, 
1939, 
1926, 
1911, 
1899, 
1884, 
1871, 
1859, 
1846, 
1835, 
1822, 
1810, 
1797, 
1786, 
1773, 
1762, 
1751, 
1739, 
1731, 
1717, 
1706, 
1696, 
1683, 
1673, 
1664, 
1651, 
1641, 
1633, 
1622, 
1613, 
1603, 
1592, 
1585, 
1576, 
1567, 
1560, 
1550, 
1542, 
1531, 
1525, 
1516, 
1506, 
1500, 
1491, 
1482, 
1477, 
1467, 
1461, 
1455, 
1447, 
1440, 
1434, 
1430, 
1422, 
1418, 
1410, 
1404, 
1397, 
1390, 
1388, 
1381, 
1377, 
1371, 
1368, 
1363, 
1357, 
1353, 
1347, 
1342, 
1339, 
1335, 
1330, 
1326, 
1321, 
1317, 
1314, 
1310, 
1305, 
1303, 
1299, 
1295, 
1293, 
1289, 
1285, 
1284, 
1281, 
1276, 
1275, 
1273, 
1269, 
1268, 
1264, 
1261, 
1261, 
1256, 
1256, 
1254, 
1254, 
1250, 
1248, 
1246, 
1245, 
1245, 
1244, 
1244, 
1243, 
1241, 
1239, 
1239, 
1241, 
1239, 
1237, 
1238, 
1236, 
1237, 
1237, 
1236, 
1237, 
1237, 
1235, 
1237, 
1235, 
1236, 
1237, 
1239, 
1238, 
1239, 
1239, 
1240, 
1242, 
1241, 
1243, 
1244, 
1246, 
1247, 
1246, 
1248, 
1250, 
1251, 
1253, 
1252, 
1255, 
1256, 
1256, 
1259, 
1262, 
1263, 
1264, 
1266, 
1270, 
1271, 
1274, 
1272, 
1277, 
1278, 
1281, 
1282, 
1284, 
1287, 
1288, 
1291, 
1292, 
1293, 
1298, 
1299, 
1300, 
1303, 
1304, 
1305, 
1308, 
1309, 
1313, 
1315, 
1317, 
1319, 
1322, 
1324, 
1327, 
1328, 
1331, 
1332, 
1335, 
1336, 
1337, 
1342, 
1342, 
1344, 
1346, 
1348, 
1350, 
1353, 
1355, 
1357, 
1358, 
1362, 
1363, 
1363, 
1363, 
1365, 
1368, 
1370, 
1370, 
1374, 
1377, 
1377, 
1378, 
1381, 
1380, 
1385, 
1387, 
1386, 
1388, 
1389, 
1390, 
1390, 
1392, 
1390, 
1393, 
1395, 
1397, 
1396, 
1398, 
1399, 
1400, 
1399, 
1399, 
1401, 
1403, 
1400, 
1404, 
1405, 
1406, 
1406, 
1407, 
1407, 
1406, 
1408, 
1408, 
1407, 
1405, 
1407, 
1409, 
1408, 
1406, 
1407, 
1406, 
1405, 
1405, 
1405, 
1403, 
1404, 
1402, 
1402, 
1402, 
1401, 
1401, 
1399, 
1399, 
1397, 
1398, 
1398, 
1396, 
1395, 
1394, 
1393, 
1392, 
1390, 
1390, 
1390, 
1387, 
1384, 
1383, 
1384, 
1381, 
1379, 
1378, 
1377, 
1374, 
1374, 
1372, 
1371, 
1370, 
1368, 
1365, 
1363, 
1363, 
1360, 
1361, 
1356, 
1357, 
1354, 
1352, 
1349, 
1348, 
1347, 
1345, 
1343, 
1342, 
1339, 
1338, 
1337, 
1336, 
1332, 
1331, 
1328, 
1327, 
1325, 
1322, 
1321, 
1319, 
1316, 
1312, 
1310, 
1309, 
1306, 
1302, 
1304, 
1299, 
1296, 
1296, 
1291, 
1288, 
1288, 
1284, 
1283, 
1282, 
1277, 
1274, 
1272, 
1270, 
1268, 
1264, 
1259, 
1258, 
1253, 
1251, 
1248, 
1246, 
1243, 
1240, 
1238, 
1232, 
1231, 
1228, 
1224, 
1224, 
1217, 
1219, 
1213, 
1210, 
1207, 
1205, 
1203, 
1200, 
1199, 
1194, 
1194, 
1190, 
1188, 
1185, 
1184, 
1182, 
1180, 
1179, 
1176, 
1172, 
1170, 
1169, 
1167, 
1165, 
1163, 
1161, 
1161, 
1156, 
1154, 
1155, 
1152, 
1150, 
1148, 
1147, 
1145, 
1144, 
1143, 
1140, 
1141, 
1138, 
1138, 
1136, 
1137, 
1136, 
1136, 
1135, 
1134, 
1133, 
1132, 
1132, 
1132, 
1129, 
1130, 
1130, 
1129, 
1127, 
1128, 
1127, 
1127, 
1128, 
1126, 
1128, 
1127, 
1125, 
1127, 
1126, 
1126, 
1128, 
1128, 
1129, 
1128, 
1127, 
1130, 
1129, 
1131, 
1131, 
1131, 
1132, 
1131, 
1132, 
1137, 
1136, 
1139, 
1138, 
1138, 
1142, 
1143, 
1144, 
1147, 
1148, 
1149, 
1152, 
1153, 
1155, 
1157, 
1160, 
1163, 
1162, 
1164, 
1168, 
1171, 
1173, 
1175, 
1176, 

1179, 
1183, 
1185, 
1188, 
1191, 
1190, 
1195, 
1198, 
1202, 
1203, 
1205, 
1210, 
1213, 
1215, 
1220, 
1223, 
1227, 
1230, 
1233, 
1237, 
1241, 
1246, 
1249, 

1253, 
1255, 
1260, 
1263, 
1267, 
1272, 
1275, 
1280, 
1284, 
1287, 
1293, 
1296, 
1301, 
1305, 
1308, 
1314, 
1318, 
1322, 
1324, 
1331, 
1334, 
1337, 
1341, 

1348, 
1349, 
1355, 
1359, 
1364, 
1367, 
1371, 
1375, 
1383, 
1387, 
1391, 
1395, 
1399, 
1405, 
1407, 
1413, 
1419, 
1422, 
1428, 
1432, 
1439, 
1441, 
1445, 
1449, 
1454, 
1456, 
1462, 
1465, 
1468, 
1471, 
1476, 
1479, 
1483, 
1487, 
1490, 
1495, 
1497, 
1503, 
1506, 
1509, 
1513, 
1516, 
1520, 
1524, 
1528, 
1531, 
1534, 
1539, 
1542, 
1545, 
1549, 
1551, 
1556, 
1559, 
1562, 
1565, 
1569, 
1571, 
1573, 
1576, 
1580, 
1581, 
1584, 
1587, 
1588, 
1595, 
1596, 
1599, 
1600, 
1603, 
1607, 
1611, 
1613, 
1614, 
1616, 
1620, 
1621, 
1623, 
1627, 
1627, 
1632, 
1636, 
1637, 
1638, 
1640, 
1643, 
1645, 
1648, 
1649, 
1653, 
1655, 
1658, 
1662, 
1663, 
1666, 
1667, 
1670, 
1671, 
1674, 
1677, 
1678, 
1680, 
1682, 
1684, 
1686, 
1688, 
1691, 
1692, 
1694, 
1697, 
1698, 
1698, 
1699, 
1703, 
1703, 
1705, 
1707, 
1710, 
1713, 
1713, 
1714, 
1716, 
1720, 
1719, 
1720, 
1721, 
1725, 
1725, 
1725, 
1726, 
1729, 
1727, 
1729, 
1732, 
1730, 
1732, 
1733, 
1735, 
1732, 
1733, 
1733, 
1734, 
1734, 
1734, 
1735, 
1736, 
1734, 
1735, 
1735, 
1737, 
1734, 
1733, 
1735, 
1734, 
1735, 
1736, 
1735, 
1736, 
1736, 
1736, 
1736, 
1737, 
1736, 
1739, 
1737, 
1737, 
1737, 
1736, 
1737, 
1736, 
1735, 
1736, 
1734, 
1734, 
1735, 
1734, 
1735, 
1735, 
1734, 
1735, 
1736, 
1736, 
1738, 
1738, 
1737, 
1737, 
1737, 
1738, 
1740, 
1739, 
1739, 
1739, 
1740, 
1738, 